0 0 0 -94 1 -3.89839e-05 -7.61909e-17 -8.51038e-17 -2.28629e-13 -1 3.89839e-05 1 -2.28629e-13 
400 0 0 -94.0025 0.999878 -0.0156319 -2.34118e-08 -2.28378e-08 3.68976e-08 -1 0.0156319 0.999878 3.65361e-08 
800 0 0 -94.0099 0.999513 -0.031221 -9.35419e-08 -8.89392e-08 1.48813e-07 -1 0.031221 0.999513 1.45964e-07 
1200 0 0 -94.0224 0.998904 -0.0468025 -2.10399e-07 -1.94817e-07 3.37491e-07 -1 0.0468025 0.998904 3.28003e-07 
1600 0 0 -94.0397 0.998053 -0.0623727 -3.73981e-07 -3.36929e-07 6.04554e-07 -1 0.0623727 0.998053 5.82362e-07 
2000 0 0 -94.0621 0.996959 -0.0779277 -5.84274e-07 -5.11681e-07 9.51506e-07 -1 0.0779277 0.996959 9.08738e-07 
2400 0 0 -94.0894 0.995623 -0.0934637 -8.41254e-07 -7.15431e-07 1.37972e-06 -1 0.0934637 0.995623 1.30682e-06 
2800 0 0 -94.1217 0.994044 -0.108977 -1.14488e-06 -9.44491e-07 1.89046e-06 -1 0.108977 0.994044 1.77628e-06 
3200 0 0 -94.1589 0.992224 -0.124464 -1.49512e-06 -1.19514e-06 2.48485e-06 -1 0.124464 0.992224 2.31678e-06 
3600 -5.74553e-06 8.61783e-05 -94.2008 0.990163 -0.139919 -8.25173e-07 2.53623e-06 2.38456e-05 -1 0.139919 0.990163 2.39659e-05 
4000 -9.39592e-05 0.00169862 -94.2434 0.987864 -0.155323 1.81751e-05 8.32321e-05 0.000412346 -1 0.155323 0.987864 0.000420269 
4400 -0.000460661 0.00731342 -94.2793 0.985333 -0.170644 8.57917e-05 0.000393851 0.00177143 -0.999998 0.170643 0.985331 0.00181265 
4800 -0.00159091 0.0187749 -94.3011 0.982578 -0.185853 0.00022697 0.00109641 0.00457534 -0.999989 0.18585 0.982567 0.0046994 
5200 -0.00416122 0.036321 -94.3046 0.979605 -0.200931 0.000453571 0.00228779 0.00889652 -0.999958 0.200918 0.979565 0.00917477 
5600 -0.00874514 0.0586561 -94.2895 0.976422 -0.21587 0.000763654 0.00396833 0.0144124 -0.999888 0.215834 0.976316 0.0149292 
6000 -0.0142853 0.0848923 -94.26 0.97303 -0.230678 0.00115636 0.00613534 0.020868 -0.999763 0.230599 0.972806 0.0217205 
6400 -0.0190204 0.114595 -94.223 0.969427 -0.245374 0.00162511 0.00878329 0.028081 -0.999567 0.245222 0.969022 0.0293777 
6800 -0.0223448 0.146437 -94.1855 0.96561 -0.259984 0.00214836 0.0118286 0.0356752 -0.999293 0.259724 0.964954 0.0375236 
7200 -0.0246229 0.178903 -94.1511 0.961576 -0.274526 0.00269879 0.0151684 0.0433095 -0.998947 0.27412 0.960604 0.0458095 
7600 -0.0267069 0.2114 -94.1213 0.957322 -0.289006 0.00325119 0.018743 0.0508525 -0.99853 0.288416 0.955976 0.054099 
8000 -0.0287908 0.243896 -94.0966 0.952849 -0.30342 0.00379998 0.0225414 0.0582889 -0.998045 0.302605 0.951072 0.0623801 
8400 -0.0308748 0.276393 -94.0767 0.948159 -0.317766 0.00434502 0.0265604 0.0656122 -0.997492 0.316684 0.945896 0.0706508 
8800 -0.0329587 0.30889 -94.0619 0.943253 -0.33204 0.00488619 0.0307964 0.072816 -0.99687 0.330645 0.94045 0.0789095 
9200 -0.0350427 0.341386 -94.052 0.93813 -0.34624 0.00542333 0.0352458 0.0798939 -0.99618 0.344484 0.934738 0.0871544 
9600 -0.0371266 0.373883 -94.0471 0.932793 -0.360362 0.00595634 0.0399047 0.0868398 -0.995423 0.358196 0.928761 0.0953837 
10000 -0.0392106 0.406379 -94.0471 0.927243 -0.374403 0.00648506 0.0447692 0.0936475 -0.994598 0.371774 0.922525 0.103596 
10400 -0.0412945 0.438876 -94.0521 0.921481 -0.38836 0.00700938 0.0498351 0.100311 -0.993707 0.385213 0.916032 0.111789 
10800 -0.0433785 0.471372 -94.0621 0.915508 -0.40223 0.00752915 0.0550981 0.106825 -0.99275 0.398509 0.909285 0.119961 
11200 -0.0454624 0.503869 -94.077 0.909325 -0.416009 0.00804425 0.0605536 0.113183 -0.991727 0.411657 0.902289 0.128111 
11600 -0.0475464 0.536366 -94.0969 0.902934 -0.429695 0.00855455 0.066197 0.11938 -0.990639 0.424651 0.895048 0.136237 
12000 -0.0496303 0.568862 -94.1218 0.896336 -0.443283 0.00905991 0.0720235 0.125411 -0.989487 0.437487 0.887565 0.144337 
12400 -0.0517016 0.601345 -94.1515 0.889532 -0.456773 0.00956108 0.078028 0.131268 -0.988271 0.45016 0.879845 0.152408 
12800 -0.0536595 0.633224 -94.1846 0.882526 -0.470156 0.0100679 0.084152 0.136825 -0.987014 0.462674 0.871913 0.160316 
13200 -0.0555326 0.662292 -94.2165 0.875325 -0.483419 0.0105922 0.0901271 0.141593 -0.985814 0.475061 0.863862 0.167509 
13600 -0.0571612 0.683757 -94.2381 0.867948 -0.49653 0.011161 0.0953248 0.144492 -0.984904 0.487421 0.855909 0.172743 
14000 -0.0573013 0.692904 -94.2386 0.860426 -0.509438 0.0118059 0.0990777 0.144524 -0.984529 0.49985 0.848284 0.174826 
14400 -0.0550904 0.690536 -94.2163 0.852784 -0.522114 0.0125171 0.101346 0.141924 -0.984676 0.512337 0.840984 0.173945 
14800 -0.0511773 0.681765 -94.181 0.845007 -0.534591 0.0132634 0.102682 0.137865 -0.985114 0.524805 0.83379 0.17139 
15200 -0.0469132 0.670761 -94.1432 0.837072 -0.546913 0.0140098 0.103564 0.13326 -0.985655 0.537201 0.826515 0.168189 
15600 -0.0430791 0.658767 -94.1083 0.828965 -0.559106 0.014742 0.104145 0.128407 -0.986238 0.549518 0.819092 0.164673 
16000 -0.0393213 0.646633 -94.0782 0.820682 -0.571176 0.0154704 0.104568 0.123518 -0.986818 0.561735 0.811481 0.161095 
16400 -0.0355634 0.6345 -94.053 0.812223 -0.583122 0.0161968 0.104858 0.118629 -0.987386 0.573846 0.803676 0.157498 
16800 -0.0318055 0.622367 -94.0328 0.80359 -0.594943 0.0169211 0.105015 0.113745 -0.987944 0.585846 0.795679 0.153882 
17200 -0.0280476 0.610233 -94.0175 0.794785 -0.606635 0.0176431 0.105039 0.108868 -0.988491 0.597732 0.787491 0.150247 
17600 -0.0242898 0.5981 -94.0073 0.78581 -0.618196 0.0183628 0.104931 0.104003 -0.989026 0.609502 0.779113 0.146595 
18000 -0.0205319 0.585967 -94.0019 0.776666 -0.629623 0.0190799 0.104691 0.0991533 -0.98955 0.621152 0.770547 0.142925 
18400 -0.016774 0.573833 -94.0016 0.767357 -0.640915 0.0197943 0.104319 0.0943216 -0.990061 0.632678 0.761795 0.139238 
18800 -0.0130162 0.5617 -94.0062 0.757883 -0.652068 0.0205058 0.103816 0.0895118 -0.99056 0.644077 0.752858 0.135534 
19200 -0.00925829 0.549567 -94.0157 0.748247 -0.663081 0.0212144 0.103182 0.0847273 -0.991047 0.655347 0.743737 0.131815 
19600 -0.00550042 0.537433 -94.0303 0.738451 -0.673951 0.0219198 0.102418 0.0799715 -0.991522 0.666484 0.734435 0.12808 
20000 -0.00174255 0.5253 -94.0497 0.728497 -0.684675 0.0226219 0.101525 0.075248 -0.991983 0.677484 0.724954 0.12433 
20400 0.00201532 0.513166 -94.0742 0.718388 -0.695252 0.0233205 0.100504 0.0705601 -0.992431 0.688344 0.715294 0.120565 
20800 0.00577319 0.501033 -94.1036 0.708124 -0.705679 0.0240156 0.0993562 0.0659113 -0.992867 0.699062 0.705459 0.116787 
21200 0.00952361 0.488892 -94.138 0.69771 -0.715954 0.0247067 0.0980794 0.0613029 -0.993289 0.709635 0.695451 0.112992 
21600 0.0128153 0.476335 -94.1761 0.687152 -0.72607 0.0253794 0.0965458 0.0566361 -0.993716 0.72007 0.685285 0.109017 
22000 0.0129928 0.461326 -94.2125 0.676496 -0.735989 0.0259429 0.0941053 0.0514526 -0.994232 0.730409 0.675035 0.104068 
22400 0.00611525 0.441154 -94.2387 0.665811 -0.745659 0.0262536 0.0898252 0.0451763 -0.994932 0.740694 0.664795 0.0970578 
22800 -0.00974436 0.414969 -94.2475 0.655148 -0.755046 0.0262078 0.0832099 0.0376355 -0.995821 0.750905 0.654591 0.0874841 
23200 -0.0343282 0.383309 -94.2369 0.644519 -0.764154 0.0257808 0.0742674 0.02901 -0.996816 0.760973 0.644382 0.0754492 
23600 -0.0657728 0.346989 -94.2128 0.633898 -0.773011 0.0250439 0.0633703 0.0196396 -0.997797 0.770816 0.634088 0.0614354 
24000 -0.101026 0.308189 -94.1837 0.623232 -0.781665 0.0241271 0.0512765 0.0100593 -0.998634 0.780354 0.623618 0.0463503 
24400 -0.137834 0.268822 -94.1568 0.612475 -0.790151 0.0231493 0.038617 0.000657955 -0.999254 0.789546 0.612912 0.0309162 
24800 -0.174824 0.229478 -94.1346 0.601603 -0.798488 0.0221645 0.025672 -0.00840594 -0.999635 0.798383 0.601952 0.0154417 
25200 -0.211814 0.190134 -94.1174 0.590617 -0.806674 0.0211803 0.012477 -0.0171153 -0.999776 0.806856 0.590749 -4.37568e-05 
25600 -0.248804 0.150791 -94.1052 0.579518 -0.814709 0.0201971 -0.000955871 -0.0254624 -0.999675 0.814959 0.57931 -0.0155347 
26000 -0.285794 0.111447 -94.0979 0.568308 -0.822592 0.0192149 -0.0146139 -0.0334398 -0.999334 0.822686 0.567648 -0.0310254 
26400 -0.322784 0.0721036 -94.0955 0.556989 -0.83032 0.018234 -0.0284845 -0.0410406 -0.998751 0.830031 0.555774 -0.0465104 
26800 -0.359726 0.0328051 -94.0981 0.545563 -0.837892 0.0172544 -0.0425393 -0.0482478 -0.997929 0.83699 0.543699 -0.0619656 
27200 -0.396191 -0.00605024 -94.1047 0.534031 -0.845308 0.0162734 -0.0566299 -0.0549678 -0.996881 0.843566 0.531444 -0.0772242 
27600 -0.431512 -0.0438632 -94.114 0.522394 -0.852567 0.0152871 -0.0705347 -0.0610712 -0.995638 0.849782 0.519037 -0.0920388 
28000 -0.464973 -0.0800078 -94.1247 0.510653 -0.859668 0.0142908 -0.0840186 -0.0664361 -0.994247 0.855672 0.506515 -0.106154 
28400 -0.495851 -0.113869 -94.1355 0.49881 -0.86661 0.0132797 -0.0968473 -0.0709571 -0.992767 0.861284 0.493916 -0.119323 
28800 -0.523468 -0.144877 -94.145 0.486864 -0.873392 0.012249 -0.108801 -0.0745521 -0.991264 0.866675 0.481278 -0.131323 
29200 -0.546925 -0.172194 -94.1515 0.474819 -0.880013 0.0111906 -0.119571 -0.0771026 -0.989827 0.871923 0.46865 -0.141834 
29600 -0.564795 -0.194235 -94.152 0.462673 -0.886471 0.0100869 -0.128624 -0.0783812 -0.988591 0.877148 0.456097 -0.150286 
30000 -0.576278 -0.209856 -94.1443 0.450432 -0.892766 0.00892325 -0.135611 -0.0782922 -0.987664 0.882452 0.443665 -0.156334 
30400 -0.581861 -0.219014 -94.1288 0.438098 -0.898894 0.00769389 -0.140586 -0.0769666 -0.987072 0.887866 0.431353 -0.160091 
30800 -0.582824 -0.222758 -94.1076 0.425679 -0.904852 0.00640678 -0.143914 -0.0746899 -0.986767 0.893357 0.419124 -0.162015 
31200 -0.580259 -0.222639 -94.0837 0.413176 -0.910637 0.00508034 -0.146018 -0.0717561 -0.986676 0.898869 0.406929 -0.162618 
31600 -0.575217 -0.21983 -94.0595 0.40059 -0.91625 0.00372495 -0.147255 -0.0683921 -0.986731 0.904347 0.394727 -0.162319 
32000 -0.568571 -0.215 -94.0366 0.387927 -0.921687 0.00234574 -0.147867 -0.0647472 -0.986886 0.909752 0.382493 -0.161404 
32400 -0.561161 -0.20874 -94.0164 0.375189 -0.926948 0.000947649 -0.148086 -0.060948 -0.987095 0.915043 0.370207 -0.160135 
32800 -0.553726 -0.201754 -93.9999 0.36238 -0.93203 -0.000462137 -0.148131 -0.057105 -0.987318 0.920183 0.357853 -0.158757 
33200 -0.546378 -0.19469 -93.9883 0.349503 -0.936934 -0.00187415 -0.148095 -0.0532682 -0.987538 0.925157 0.345424 -0.157373 
33600 -0.539031 -0.187626 -93.9816 0.336558 -0.941657 -0.00328635 -0.147971 -0.0494392 -0.987755 0.929964 0.332923 -0.155977 
34000 -0.531684 -0.180561 -93.9799 0.32355 -0.9462 -0.00469846 -0.147759 -0.0456199 -0.987971 0.934603 0.320352 -0.15457 
34400 -0.524336 -0.173497 -93.9831 0.310479 -0.95056 -0.00611023 -0.14746 -0.0418126 -0.988184 0.939073 0.307712 -0.153152 
34800 -0.516989 -0.166432 -93.9913 0.29735 -0.954739 -0.0075214 -0.147074 -0.0380193 -0.988394 0.943373 0.295005 -0.151723 
35200 -0.509641 -0.159368 -94.0045 0.284164 -0.958734 -0.00893171 -0.146602 -0.0342421 -0.988603 0.947501 0.282235 -0.150283 
35600 -0.502304 -0.152307 -94.0226 0.270924 -0.962545 -0.0103409 -0.146045 -0.0304837 -0.988808 0.951457 0.269402 -0.148834 
36000 -0.495288 -0.145359 -94.0452 0.257633 -0.966171 -0.0117493 -0.14546 -0.0267605 -0.989002 0.955231 0.256509 -0.147434 
36400 -0.489276 -0.138757 -94.0712 0.244295 -0.969612 -0.0131577 -0.144968 -0.0231018 -0.989167 0.958804 0.243555 -0.146207 
36800 -0.484945 -0.132726 -94.0992 0.230912 -0.972866 -0.0145675 -0.144684 -0.0195278 -0.989285 0.962157 0.230546 -0.145267 
37200 -0.482834 -0.127456 -94.1277 0.217489 -0.975932 -0.0159789 -0.144683 -0.0160444 -0.989348 0.96528 0.217484 -0.14469 
37600 -0.482381 -0.123049 -94.152 0.204039 -0.978809 -0.0173746 -0.14474 -0.0126095 -0.989389 0.968204 0.204388 -0.144245 
38000 -0.481 -0.119156 -94.1642 0.190599 -0.98149 -0.0187013 -0.144092 -0.00912746 -0.989522 0.971035 0.191297 -0.143165 
38400 -0.477184 -0.115457 -94.1596 0.177202 -0.983973 -0.0199214 -0.142285 -0.00558443 -0.98981 0.973835 0.178231 -0.140994 
38800 -0.471996 -0.111999 -94.1393 0.163855 -0.98626 -0.021034 -0.139583 -0.00207178 -0.990208 0.976559 0.165187 -0.138004 
39200 -0.466752 -0.109396 -94.1095 0.150539 -0.988358 -0.0220632 -0.136479 0.00132674 -0.990642 0.979138 0.152141 -0.13469 
39600 -0.462418 -0.1075 -94.0776 0.137225 -0.990272 -0.0230528 -0.133359 0.00459106 -0.991057 0.981522 0.139072 -0.131432 
40000 -0.459304 -0.105788 -94.0484 0.123893 -0.992004 -0.0240379 -0.130363 0.00774296 -0.991436 0.983695 0.125965 -0.128361 
40400 -0.456501 -0.104094 -94.0236 0.110539 -0.993557 -0.0250209 -0.127348 0.0108084 -0.991799 0.985679 0.112819 -0.125333 
40800 -0.453698 -0.1024 -94.0038 0.0971661 -0.994929 -0.0260005 -0.124264 0.0137921 -0.992153 0.98748 0.0996346 -0.122294 
41200 -0.450895 -0.100706 -93.9889 0.0837763 -0.996119 -0.0269765 -0.121114 0.0166925 -0.992498 0.989097 0.0864151 -0.119245 
41600 -0.448092 -0.0990117 -93.979 0.070372 -0.997129 -0.0279488 -0.117898 0.0195078 -0.992834 0.990529 0.0731628 -0.116187 
42000 -0.44529 -0.0973177 -93.9741 0.0569557 -0.997958 -0.0289171 -0.11462 0.0222365 -0.993161 0.991775 0.0598806 -0.113119 
42400 -0.442487 -0.0956238 -93.9741 0.0435297 -0.998605 -0.0298814 -0.11128 0.0248772 -0.993478 0.992835 0.046571 -0.110042 
42800 -0.439684 -0.0939298 -93.9791 0.0300966 -0.999071 -0.0308414 -0.107883 0.0274283 -0.993785 0.993708 0.0332368 -0.106957 
43200 -0.436881 -0.0922358 -93.9891 0.0166587 -0.999356 -0.031797 -0.104428 0.0298884 -0.994083 0.994393 0.0198807 -0.103863 
43600 -0.434078 -0.0905418 -94.004 0.00321852 -0.999458 -0.0327479 -0.10092 0.0322562 -0.994372 0.994889 0.00650532 -0.100761 
44000 -0.431239 -0.0888474 -94.0239 -0.0102208 -0.99938 -0.0336931 -0.0973504 0.0345292 -0.994651 0.995198 -0.00688613 -0.097643 
44400 -0.427736 -0.0871482 -94.0477 -0.0236446 -0.999121 -0.0346148 -0.0935694 0.0366842 -0.994937 0.995332 -0.020286 -0.0943545 
44800 -0.421854 -0.0855189 -94.073 -0.0370166 -0.998685 -0.0354631 -0.0891802 0.0386472 -0.995265 0.995327 -0.0336787 -0.0904936 
45200 -0.411033 -0.084218 -94.0951 -0.050285 -0.99808 -0.0361593 -0.0836092 0.0402848 -0.995684 0.995229 -0.0470447 -0.0854745 
45600 -0.393275 -0.0836054 -94.1096 -0.0634059 -0.997315 -0.0366296 -0.0764211 0.0414477 -0.996214 0.995058 -0.0603665 -0.078844 
46000 -0.367978 -0.0842048 -94.1125 -0.0763545 -0.996401 -0.0368168 -0.0675147 0.0420064 -0.996834 0.994792 -0.0736271 -0.0704791 
46400 -0.336358 -0.0863075 -94.103 -0.0891379 -0.995343 -0.036706 -0.0571859 0.0419063 -0.997484 0.994376 -0.0868146 -0.060655 
46800 -0.300766 -0.0895417 -94.0835 -0.101788 -0.994142 -0.0363371 -0.0459694 0.0411882 -0.998093 0.993743 -0.0999236 -0.0498926 
47200 -0.262574 -0.092978 -94.0587 -0.114342 -0.992796 -0.0357968 -0.034199 0.0399454 -0.998616 0.992853 -0.11296 -0.0385201 
47600 -0.222987 -0.0962748 -94.0347 -0.126842 -0.991299 -0.0351833 -0.0221687 0.0382939 -0.999021 0.991675 -0.125938 -0.0268331 
48000 -0.183172 -0.0995568 -94.015 -0.139317 -0.989645 -0.034558 -0.0101348 0.0363215 -0.999289 0.990196 -0.138868 -0.0150901 
48400 -0.143356 -0.102839 -94.0003 -0.15177 -0.987833 -0.0339307 0.00184951 0.0340445 -0.999419 0.988414 -0.151745 -0.00333992 
48800 -0.103541 -0.106121 -93.9906 -0.1642 -0.985865 -0.0333014 0.0137756 0.0314646 -0.99941 0.986331 -0.164562 0.00841441 
49200 -0.0637251 -0.109403 -93.9858 -0.176604 -0.98374 -0.0326703 0.025635 0.0285838 -0.999263 0.983948 -0.177311 0.0201701 
49600 -0.0239096 -0.112685 -93.986 -0.188982 -0.981458 -0.0320375 0.0374191 0.0254043 -0.998977 0.981267 -0.189987 0.0319244 
50000 0.015906 -0.115967 -93.9912 -0.20133 -0.97902 -0.0314031 0.0491198 0.0219284 -0.998552 0.978291 -0.202581 0.0436744 
50400 0.0557047 -0.119248 -94.0013 -0.213648 -0.976426 -0.0307669 0.0607244 0.0181594 -0.997989 0.975022 -0.215087 0.0554132 
50800 0.0951431 -0.122517 -94.0158 -0.225937 -0.973676 -0.030123 0.0721412 0.0141137 -0.997295 0.971467 -0.227498 0.0670534 
51200 0.133509 -0.125743 -94.0338 -0.238202 -0.970769 -0.0294591 0.0831922 0.00982627 -0.996485 0.967646 -0.239815 0.0784197 
51600 0.169978 -0.12888 -94.054 -0.250449 -0.967703 -0.0287606 0.0936783 0.00534474 -0.995588 0.963587 -0.252038 0.0893142 
52000 0.203672 -0.131877 -94.0752 -0.262685 -0.964475 -0.0280119 0.103396 0.000727025 -0.99464 0.959326 -0.264174 0.0995316 
52400 0.233716 -0.134684 -94.0962 -0.274917 -0.961083 -0.0271967 0.112149 -0.00396089 -0.993684 0.954905 -0.27623 0.108873 
52800 0.259354 -0.137262 -94.1157 -0.287148 -0.957525 -0.0262995 0.119776 -0.00865174 -0.992763 0.950368 -0.28822 0.117173 
53200 0.280004 -0.139661 -94.1324 -0.299383 -0.953798 -0.0253029 0.126152 -0.0132828 -0.991922 0.945757 -0.300156 0.1243 
53600 0.295281 -0.142134 -94.1446 -0.311619 -0.949899 -0.0241831 0.131183 -0.0178008 -0.991198 0.941108 -0.312049 0.130158 
54000 0.305434 -0.145044 -94.151 -0.323851 -0.94583 -0.0229228 0.134924 -0.0221898 -0.990607 0.936438 -0.323902 0.134801 
54400 0.311392 -0.148817 -94.1511 -0.336065 -0.941593 -0.021515 0.137583 -0.0264807 -0.990136 0.931736 -0.33571 0.138446 
54800 0.314571 -0.153833 -94.1453 -0.348245 -0.937191 -0.0199647 0.139479 -0.0307437 -0.989748 0.926969 -0.347459 0.141425 
55200 0.316207 -0.159889 -94.1348 -0.360377 -0.932627 -0.0182916 0.140873 -0.0350296 -0.989408 0.922108 -0.359137 0.144006 
55600 0.317117 -0.166577 -94.1214 -0.372454 -0.927904 -0.0165225 0.141945 -0.0393636 -0.989092 0.917131 -0.370736 0.146372 
56000 0.318036 -0.173721 -94.1069 -0.384466 -0.923022 -0.014683 0.142869 -0.0437803 -0.988773 0.912016 -0.382248 0.148703 
56400 0.320081 -0.181378 -94.0927 -0.396403 -0.917988 -0.0127926 0.143879 -0.0483551 -0.988413 0.906733 -0.39365 0.151247 
56800 0.324116 -0.189547 -94.0801 -0.408253 -0.912804 -0.0108695 0.145144 -0.0531512 -0.987982 0.901256 -0.404924 0.154187 
57200 0.329733 -0.197983 -94.0701 -0.420021 -0.907471 -0.00892716 0.146581 -0.0581304 -0.987489 0.895598 -0.416075 0.157434 
57600 0.336255 -0.2065 -94.0638 -0.43171 -0.901985 -0.00697502 0.14806 -0.0632325 -0.986955 0.889778 -0.427111 0.160846 
58000 0.343129 -0.215029 -94.0619 -0.443324 -0.896347 -0.00501957 0.149481 -0.0684081 -0.986395 0.883809 -0.438043 0.164314 
58400 0.350039 -0.223559 -94.065 -0.454863 -0.890556 -0.00306419 0.150793 -0.0736275 -0.98582 0.877702 -0.448875 0.16778 
58800 0.356948 -0.232088 -94.073 -0.466326 -0.884612 -0.00110952 0.151988 -0.0788849 -0.985229 0.871459 -0.459606 0.171236 
59200 0.363858 -0.240618 -94.086 -0.47771 -0.878517 0.000844092 0.153064 -0.0841776 -0.984625 0.865081 -0.470236 0.174682 
59600 0.370791 -0.249149 -94.1039 -0.489014 -0.872272 0.00279655 0.154026 -0.0895051 -0.984004 0.858569 -0.480761 0.178122 
60000 0.378028 -0.257701 -94.1263 -0.500233 -0.865878 0.00475013 0.154917 -0.0948929 -0.98336 0.85192 -0.491173 0.181608 
60400 0.385961 -0.266264 -94.1522 -0.51136 -0.85934 0.00670873 0.155777 -0.100369 -0.98268 0.84513 -0.501458 0.18519 
60800 0.393837 -0.274354 -94.1779 -0.52238 -0.852669 0.00866968 0.156306 -0.105745 -0.982032 0.838265 -0.511639 0.188516 
61200 0.400263 -0.281418 -94.1976 -0.53327 -0.845879 0.0106321 0.156013 -0.110693 -0.981533 0.831435 -0.521763 0.190997 
61600 0.403189 -0.286661 -94.2041 -0.543997 -0.838992 0.0125872 0.154277 -0.114755 -0.981341 0.824782 -0.531905 0.191864 
62000 0.400467 -0.289183 -94.1942 -0.554543 -0.832029 0.0145077 0.150615 -0.1175 -0.981585 0.818411 -0.542146 0.190475 
62400 0.391593 -0.289114 -94.1716 -0.564918 -0.824984 0.0163821 0.145152 -0.118899 -0.982239 0.81228 -0.552507 0.186916 
62800 0.378372 -0.287726 -94.1442 -0.575155 -0.817841 0.0182214 0.138576 -0.119359 -0.983133 0.806221 -0.562929 0.181983 
63200 0.363064 -0.28516 -94.1175 -0.585278 -0.810585 0.0200279 0.131467 -0.11924 -0.984123 0.800104 -0.573353 0.176354 
63600 0.346596 -0.281569 -94.0936 -0.595295 -0.803211 0.0218096 0.124058 -0.118694 -0.98515 0.793872 -0.58375 0.170302 
64000 0.329673 -0.277477 -94.0737 -0.605212 -0.795715 0.0235786 0.116537 -0.117859 -0.986168 0.787488 -0.594093 0.16406 
64400 0.312704 -0.273313 -94.0586 -0.61503 -0.788096 0.0253445 0.109031 -0.116834 -0.987149 0.780929 -0.604363 0.157783 
64800 0.295734 -0.269148 -94.0484 -0.624751 -0.780354 0.0271085 0.101559 -0.115633 -0.988087 0.774192 -0.614555 0.151493 
65200 0.278765 -0.264984 -94.0433 -0.634371 -0.77249 0.0288704 0.0941246 -0.114257 -0.988982 0.767277 -0.624664 0.145191 
65600 0.261795 -0.260819 -94.0431 -0.643889 -0.764505 0.0306299 0.0867331 -0.112707 -0.989836 0.760187 -0.634688 0.138879 
66000 0.244826 -0.256655 -94.0478 -0.653305 -0.756402 0.0323866 0.0793883 -0.110984 -0.990646 0.752921 -0.644623 0.132556 
66400 0.227857 -0.25249 -94.0575 -0.662616 -0.74818 0.0341404 0.0720944 -0.109089 -0.991414 0.745481 -0.654466 0.126224 
66800 0.210794 -0.24818 -94.072 -0.67182 -0.739845 0.0358852 0.0648323 -0.106994 -0.992144 0.737872 -0.664215 0.119846 
67200 0.1931 -0.242758 -94.0893 -0.680899 -0.731412 0.0375818 0.0574631 -0.10451 -0.992862 0.73012 -0.673879 0.11319 
67600 0.173818 -0.234051 -94.105 -0.689825 -0.722918 0.0391373 0.0497132 -0.10123 -0.99362 0.722268 -0.683478 0.10577 
68000 0.152157 -0.219761 -94.114 -0.698567 -0.7144 0.0404465 0.0413339 -0.0967197 -0.994453 0.71435 -0.693021 0.0970941 
68400 0.127883 -0.198628 -94.1126 -0.707111 -0.705888 0.0414338 0.0322414 -0.090722 -0.995354 0.706367 -0.70249 0.0869094 
68800 0.101174 -0.170582 -94.1006 -0.715457 -0.697387 0.0420879 0.0225097 -0.0832191 -0.996277 0.698294 -0.711846 0.0752377 
69200 0.0722438 -0.136167 -94.0807 -0.723619 -0.688893 0.0424543 0.0122644 -0.0743342 -0.997158 0.690091 -0.721042 0.0622385 
69600 0.0410604 -0.0962212 -94.0566 -0.731608 -0.680393 0.0426012 0.00160122 -0.0642051 -0.997935 0.681724 -0.730029 0.0480624 
70000 0.00846565 -0.0522147 -94.031 -0.739447 -0.671866 0.0425927 -0.00925508 -0.0531164 -0.998545 0.673151 -0.738766 0.0330586 
70400 -0.0242903 -0.00602542 -94.007 -0.747166 -0.663278 0.0424928 -0.0200102 -0.041456 -0.99894 0.664336 -0.747224 0.0177022 
70800 -0.0563773 0.0409163 -93.9863 -0.754784 -0.654605 0.0423449 -0.0304602 -0.0295077 -0.9991 0.655266 -0.755395 0.00233256 
71200 -0.0880908 0.0877958 -93.97 -0.762306 -0.645841 0.0421799 -0.0405719 -0.0173581 -0.999026 0.645944 -0.763275 -0.0129708 
71600 -0.119782 0.134651 -93.9587 -0.769727 -0.636989 0.0420123 -0.0503889 -0.00498079 -0.998717 0.636381 -0.770857 -0.0282633 
72000 -0.151472 0.181506 -93.9523 -0.777046 -0.628052 0.0418432 -0.0599099 0.00762012 -0.998175 0.626587 -0.778134 -0.0435477 
72400 -0.183163 0.22836 -93.9508 -0.784261 -0.61903 0.0416728 -0.0691281 0.0204353 -0.997398 0.616568 -0.785101 -0.058819 
72800 -0.214854 0.275215 -93.9543 -0.791372 -0.609925 0.0415009 -0.0780371 0.0334554 -0.996389 0.606334 -0.791753 -0.0740725 
73200 -0.246545 0.32207 -93.9628 -0.798378 -0.600737 0.0413277 -0.0866307 0.0466708 -0.995147 0.595893 -0.798083 -0.0893031 
73600 -0.278192 0.368863 -93.9762 -0.805279 -0.591466 0.0411511 -0.0948913 0.0600595 -0.993674 0.585253 -0.80409 -0.10449 
74000 -0.309527 0.4152 -93.9937 -0.812081 -0.582106 0.040957 -0.102742 0.073536 -0.991986 0.57443 -0.809781 -0.119524 
74400 -0.340114 0.460455 -94.0143 -0.81879 -0.572646 0.0407246 -0.110066 0.0869636 -0.990112 0.563443 -0.815177 -0.134234 
74800 -0.368999 0.503335 -94.0356 -0.825418 -0.563072 0.0404273 -0.116629 0.100023 -0.988126 0.552343 -0.820332 -0.148232 
75200 -0.394282 0.541832 -94.0532 -0.831977 -0.553366 0.0400081 -0.121976 0.112088 -0.986184 0.541236 -0.825362 -0.160752 
75600 -0.413447 0.574092 -94.0598 -0.838476 -0.543516 0.0393618 -0.125528 0.12235 -0.984517 0.530284 -0.830434 -0.170814 
76000 -0.425418 0.599702 -94.0517 -0.844907 -0.533531 0.0384319 -0.127094 0.130439 -0.983277 0.519596 -0.835661 -0.178017 
76400 -0.430703 0.61959 -94.0303 -0.851256 -0.523427 0.0372486 -0.126921 0.136497 -0.982476 0.509171 -0.841066 -0.182627 
76800 -0.431398 0.636464 -94.0011 -0.857495 -0.513239 0.0358947 -0.125632 0.141223 -0.981974 0.498918 -0.846547 -0.185577 
77200 -0.430175 0.65261 -93.9708 -0.863607 -0.502987 0.0344654 -0.123858 0.145398 -0.98159 0.488716 -0.851976 -0.187866 
77600 -0.428677 0.66839 -93.9439 -0.869593 -0.492664 0.0330227 -0.121907 0.149405 -0.981232 0.478484 -0.857298 -0.189981 
78000 -0.42717 0.684128 -93.922 -0.875453 -0.48227 0.0315761 -0.119866 0.153369 -0.980872 0.468202 -0.862493 -0.192075 
78400 -0.425663 0.699866 -93.905 -0.881188 -0.471805 0.0301257 -0.117741 0.157297 -0.980507 0.45787 -0.867558 -0.194159 
78800 -0.424156 0.715604 -93.893 -0.886796 -0.461272 0.0286717 -0.115532 0.161187 -0.980138 0.447489 -0.872495 -0.196231 
79200 -0.422649 0.731341 -93.886 -0.892275 -0.450671 0.0272144 -0.11324 0.165037 -0.979765 0.43706 -0.877302 -0.198293 
79600 -0.421142 0.747079 -93.8839 -0.897626 -0.440004 0.0257539 -0.110866 0.168847 -0.979387 0.426586 -0.881979 -0.200343 
80000 -0.419636 0.762817 -93.8868 -0.902848 -0.429273 0.0242904 -0.108411 0.172614 -0.979005 0.416068 -0.886526 -0.202382 
80400 -0.418129 0.778555 -93.8946 -0.907939 -0.418479 0.0228242 -0.105876 0.176336 -0.978619 0.405507 -0.890944 -0.20441 
80800 -0.416622 0.794293 -93.9074 -0.9129 -0.407624 0.0213553 -0.103262 0.180013 -0.978229 0.394906 -0.895231 -0.206426 
81200 -0.415115 0.810031 -93.9252 -0.917729 -0.39671 0.0198842 -0.10057 0.183641 -0.977835 0.384265 -0.899387 -0.20843 
81600 -0.413608 0.825769 -93.9479 -0.922425 -0.385737 0.0184109 -0.0978003 0.187221 -0.977437 0.373587 -0.903413 -0.210422 
82000 -0.412107 0.841426 -93.9754 -0.926988 -0.374708 0.0169358 -0.0949472 0.19073 -0.97704 0.362875 -0.907312 -0.212382 
82400 -0.410653 0.856556 -94.0064 -0.931418 -0.363623 0.0154599 -0.0919717 0.194061 -0.976669 0.352139 -0.911109 -0.214195 
82800 -0.409274 0.870669 -94.0382 -0.935714 -0.352483 0.0139797 -0.0888131 0.197043 -0.976364 0.341397 -0.914839 -0.215681 
83200 -0.407862 0.883229 -94.0662 -0.939874 -0.341293 0.0124837 -0.0853642 0.199374 -0.976198 0.33068 -0.918569 -0.216521 
83600 -0.4064 0.89419 -94.0856 -0.943897 -0.330059 0.0109567 -0.0815606 0.200838 -0.976223 0.320011 -0.922347 -0.21649 
84000 -0.405046 0.904125 -94.0932 -0.947778 -0.318794 0.0093848 -0.0774119 0.201402 -0.976445 0.309394 -0.926179 -0.215563 
84400 -0.403995 0.913602 -94.0883 -0.951516 -0.307501 0.00777134 -0.0729881 0.201164 -0.976835 0.298814 -0.930041 -0.213855 
84800 -0.403371 0.922652 -94.073 -0.955113 -0.29618 0.00612835 -0.0683566 0.200212 -0.977365 0.288249 -0.933913 -0.21147 
85200 -0.403211 0.930852 -94.0504 -0.958568 -0.284827 0.0044681 -0.0635684 0.198593 -0.978018 0.277679 -0.937782 -0.208471 
85600 -0.403743 0.937944 -94.0251 -0.961885 -0.273439 0.00280735 -0.0587027 0.196452 -0.978755 0.267078 -0.941615 -0.205016 
86000 -0.405813 0.944688 -94.0009 -0.965064 -0.262011 0.0011612 -0.0538841 0.19413 -0.979495 0.256413 -0.945338 -0.201466 
86400 -0.409158 0.951678 -93.9797 -0.968105 -0.250546 -0.000473354 -0.0491556 0.191788 -0.980205 0.245677 -0.948917 -0.197987 
86800 -0.412829 0.958886 -93.963 -0.971006 -0.239046 -0.00210637 -0.0444995 0.1894 -0.980891 0.234877 -0.952357 -0.194546 
87200 -0.416507 0.966103 -93.9512 -0.973768 -0.227514 -0.00374024 -0.0399025 0.186921 -0.981564 0.224018 -0.955666 -0.191096 
87600 -0.420184 0.97332 -93.9443 -0.97639 -0.21595 -0.00537474 -0.035366 0.184349 -0.982224 0.213102 -0.958844 -0.187634 
88000 -0.423861 0.980537 -93.9424 -0.978872 -0.204356 -0.00700965 -0.0308919 0.181687 -0.982871 0.202129 -0.961888 -0.184161 
88400 -0.427538 0.987754 -93.9455 -0.981213 -0.192734 -0.00864474 -0.0264823 0.178936 -0.983504 0.191101 -0.964798 -0.180678 
88800 -0.431215 0.994972 -93.9536 -0.983414 -0.181085 -0.0102798 -0.022139 0.176096 -0.984124 0.180021 -0.967573 -0.177184 
89200 -0.434893 1.00219 -93.9666 -0.985473 -0.169412 -0.0119145 -0.0178639 0.173169 -0.98473 0.168888 -0.970212 -0.17368 
89600 -0.43857 1.00941 -93.9845 -0.987392 -0.157716 -0.0135487 -0.0136588 0.170158 -0.985322 0.157706 -0.972714 -0.170166 
90000 -0.442247 1.01662 -94.0075 -0.989168 -0.145998 -0.0151822 -0.0095257 0.167062 -0.9859 0.146476 -0.975077 -0.166643 
90400 -0.445935 1.02401 -94.035 -0.990803 -0.13426 -0.0168155 -0.00546938 0.163912 -0.98646 0.135199 -0.977296 -0.163139 
90800 -0.449662 1.03213 -94.0661 -0.992296 -0.122506 -0.0184511 -0.0014995 0.1608 -0.986986 0.123879 -0.979355 -0.159745 
91200 -0.453444 1.0416 -94.099 -0.993647 -0.110738 -0.0200923 0.00237971 0.157813 -0.987466 0.112521 -0.98124 -0.156547 
91600 -0.457118 1.0522 -94.1302 -0.994853 -0.0989702 -0.0217236 0.0061718 0.154807 -0.987925 0.101138 -0.982975 -0.153399 
92000 -0.460128 1.06167 -94.1504 -0.995914 -0.0872482 -0.0232831 0.00987595 0.151054 -0.988476 0.0897598 -0.984668 -0.149576 
92400 -0.461958 1.06812 -94.1522 -0.996831 -0.0756185 -0.024711 0.013448 0.145978 -0.989196 0.0784088 -0.986394 -0.144499 
92800 -0.462608 1.07167 -94.1345 -0.997605 -0.0641073 -0.0259777 0.0168085 0.13963 -0.990061 0.0670974 -0.988126 -0.138218 
93200 -0.463243 1.07345 -94.1037 -0.998243 -0.052694 -0.0271011 0.0199117 0.132465 -0.990988 0.0558091 -0.989786 -0.131183 
93600 -0.464306 1.07416 -94.0689 -0.998749 -0.0413353 -0.0281394 0.0227797 0.124849 -0.991914 0.0445142 -0.991314 -0.123751 
94000 -0.465402 1.07428 -94.0361 -0.999125 -0.0299983 -0.0291421 0.0254455 0.116983 -0.992808 0.0331917 -0.992681 -0.116117 
94400 -0.466482 1.0742 -94.0079 -0.999372 -0.0186632 -0.0301375 0.0279291 0.109014 -0.993648 0.02183 -0.993865 -0.108424 
94800 -0.467562 1.07413 -93.9846 -0.999488 -0.00732719 -0.0311312 0.0302332 0.100993 -0.994428 0.0104304 -0.99486 -0.10072 
95200 -0.468641 1.07406 -93.9664 -0.999476 0.00400828 -0.0321231 0.0323567 0.0929253 -0.995147 -0.00100377 -0.995665 -0.0930063 
95600 -0.469721 1.07399 -93.953 -0.999334 0.0153418 -0.0331131 0.0342982 0.0848144 -0.995806 -0.012469 -0.996279 -0.0852841 
96000 -0.470801 1.07392 -93.9447 -0.999062 0.0266719 -0.0341009 0.0360569 0.0766645 -0.996405 -0.0239617 -0.9967 -0.0775544 
96400 -0.471881 1.07385 -93.9413 -0.998662 0.0379973 -0.0350865 0.0376316 0.0684799 -0.996943 -0.0354784 -0.996929 -0.0698182 
96800 -0.472961 1.07377 -93.9429 -0.998132 0.0493164 -0.0360697 0.0390216 0.0602648 -0.997419 -0.0470154 -0.996963 -0.0620766 
97200 -0.474041 1.0737 -93.9494 -0.997473 0.060628 -0.0370505 0.040226 0.0520235 -0.997835 -0.0585692 -0.996804 -0.0543308 
97600 -0.47512 1.07363 -93.9609 -0.996684 0.0719305 -0.0380285 0.0412442 0.0437602 -0.99819 -0.0701362 -0.996449 -0.0465818 
98000 -0.4762 1.07356 -93.9774 -0.995767 0.0832226 -0.0390038 0.0420755 0.0354793 -0.998484 -0.0817126 -0.995899 -0.0388308 
98400 -0.477282 1.07348 -93.9988 -0.994722 0.0945027 -0.0399759 0.042719 0.027183 -0.998717 -0.0932948 -0.995153 -0.0310766 
98800 -0.478451 1.07284 -94.0243 -0.993549 0.105758 -0.0409274 0.0431444 0.0187598 -0.998893 -0.104873 -0.994215 -0.0232017 
99200 -0.480092 1.06976 -94.0503 -0.992258 0.116948 -0.04179 0.0432321 0.00982137 -0.999017 -0.116423 -0.993089 -0.0148013 
99600 -0.482708 1.0623 -94.0713 -0.990861 0.128029 -0.0424732 0.0428233 -1.75814e-05 -0.999083 -0.127912 -0.99177 -0.00546522 
100000 -0.486508 1.04976 -94.0823 -0.989366 0.138974 -0.0429035 0.0417964 -0.0108756 -0.999067 -0.139311 -0.990236 0.00495139 
100400 -0.491466 1.03246 -94.0808 -0.987782 0.149777 -0.0430467 0.040098 -0.022653 -0.998939 -0.150593 -0.98846 0.0163705 
100800 -0.497456 1.0117 -94.0674 -0.986109 0.160458 -0.0429158 0.0377617 -0.0350353 -0.998672 -0.161748 -0.986421 0.0284895 
101200 -0.504477 0.989705 -94.0457 -0.984341 0.171056 -0.0425633 0.0349101 -0.0475035 -0.998261 -0.172781 -0.984115 0.0407881 
101600 -0.512329 0.968393 -94.0194 -0.982471 0.181611 -0.0420524 0.0316816 -0.0596333 -0.997717 -0.183705 -0.981561 0.0528343 
102000 -0.52039 0.948374 -93.9916 -0.980492 0.192143 -0.0414415 0.0281672 -0.0713108 -0.997056 -0.194533 -0.978773 0.0645075 
102400 -0.528354 0.930001 -93.9653 -0.978398 0.202667 -0.0407843 0.0244434 -0.0824889 -0.996292 -0.20528 -0.975767 0.0757531 
102800 -0.536174 0.912766 -93.9423 -0.976189 0.21318 -0.0401071 0.0205223 -0.0933014 -0.995426 -0.215948 -0.972548 0.0867049 
103200 -0.543913 0.895902 -93.9237 -0.973866 0.223675 -0.0394226 0.0163851 -0.103932 -0.994449 -0.226531 -0.969107 0.0975506 
103600 -0.551648 0.879053 -93.9101 -0.97143 0.234145 -0.0387361 0.0120215 -0.114462 -0.993355 -0.237023 -0.96544 0.108377 
104000 -0.559383 0.862203 -93.9014 -0.96888 0.24459 -0.0380481 0.00743349 -0.124891 -0.992143 -0.24742 -0.96155 0.119186 
104400 -0.567117 0.845354 -93.8977 -0.966217 0.255008 -0.0373585 0.00262379 -0.135212 -0.990813 -0.257716 -0.957439 0.129975 
104800 -0.574852 0.828505 -93.8989 -0.963441 0.265398 -0.0366676 -0.00240478 -0.145421 -0.989367 -0.267908 -0.953109 0.140743 
105200 -0.582587 0.811656 -93.9051 -0.960553 0.27576 -0.0359754 -0.00764925 -0.155513 -0.987804 -0.277991 -0.948563 0.151488 
105600 -0.590322 0.794807 -93.9163 -0.957553 0.286091 -0.035282 -0.0131065 -0.165481 -0.986126 -0.28796 -0.943805 0.162207 
106000 -0.598056 0.77796 -93.9324 -0.95444 0.296391 -0.0345875 -0.0187733 -0.175321 -0.984332 -0.297811 -0.938837 0.172898 
106400 -0.60569 0.761327 -93.9532 -0.951215 0.306661 -0.0338891 -0.0246333 -0.184977 -0.982434 -0.307543 -0.933671 0.183507 
106800 -0.612916 0.745551 -93.9776 -0.947876 0.316908 -0.0331774 -0.0306408 -0.194293 -0.980465 -0.317163 -0.928342 0.193876 
107200 -0.619359 0.731416 -94.0042 -0.94442 0.327138 -0.03244 -0.0367349 -0.203079 -0.978473 -0.326683 -0.922898 0.203809 
107600 -0.624801 0.720289 -94.0291 -0.940844 0.337361 -0.03163 -0.0427953 -0.210909 -0.976568 -0.336128 -0.917445 0.21287 
108000 -0.629319 0.713625 -94.0459 -0.937146 0.347586 -0.0306676 -0.0486751 -0.217251 -0.974901 -0.345525 -0.912133 0.220515 
108400 -0.633268 0.711909 -94.0498 -0.933331 0.357804 -0.0294958 -0.0542768 -0.221838 -0.973572 -0.354891 -0.907063 0.226468 
108800 -0.637207 0.714357 -94.0391 -0.929404 0.367993 -0.0281007 -0.0595909 -0.224772 -0.972588 -0.364222 -0.902252 0.230833 
109200 -0.641213 0.719388 -94.0167 -0.925369 0.378138 -0.0265223 -0.0646917 -0.226477 -0.971866 -0.373506 -0.897619 0.234038 
109600 -0.645234 0.725226 -93.9892 -0.921226 0.388234 -0.0248377 -0.0697122 -0.227556 -0.971267 -0.38273 -0.893025 0.236695 
110000 -0.649958 0.731075 -93.9629 -0.916975 0.398276 -0.023106 -0.0747565 -0.228431 -0.970686 -0.391879 -0.888367 0.239239 
110400 -0.655232 0.736734 -93.9405 -0.912613 0.408266 -0.0213579 -0.0798471 -0.229234 -0.970091 -0.400951 -0.883612 0.241801 
110800 -0.660533 0.742369 -93.9231 -0.90814 0.418207 -0.0196075 -0.0849611 -0.229948 -0.969487 -0.409955 -0.878765 0.244356 
111200 -0.665835 0.748005 -93.9106 -0.903556 0.428098 -0.0178556 -0.0900946 -0.230568 -0.968876 -0.418891 -0.873826 0.2469 
111600 -0.671136 0.75364 -93.9031 -0.898861 0.437937 -0.0161026 -0.095246 -0.231093 -0.968258 -0.427757 -0.868796 0.249433 
112000 -0.676437 0.759275 -93.9006 -0.894057 0.447724 -0.0143484 -0.100413 -0.231525 -0.967633 -0.436555 -0.863678 0.251954 
112400 -0.681738 0.764911 -93.903 -0.889142 0.457458 -0.0125935 -0.105595 -0.231862 -0.967 -0.445282 -0.858471 0.254463 
112800 -0.68704 0.770546 -93.9104 -0.884119 0.467136 -0.010838 -0.110789 -0.232104 -0.966361 -0.453938 -0.853177 0.256961 
113200 -0.692341 0.776182 -93.9227 -0.878987 0.476758 -0.00908201 -0.115994 -0.232251 -0.965715 -0.462522 -0.847798 0.259447 
113600 -0.697642 0.781817 -93.94 -0.873748 0.486324 -0.00732585 -0.121207 -0.232303 -0.965062 -0.471034 -0.842333 0.261921 
114000 -0.702943 0.787453 -93.9623 -0.868402 0.49583 -0.0055697 -0.126428 -0.23226 -0.964402 -0.479473 -0.836784 0.264382 
114400 -0.708239 0.793145 -93.989 -0.862949 0.505277 -0.00381255 -0.13163 -0.232079 -0.963749 -0.487845 -0.831165 0.266782 
114800 -0.713706 0.7987 -94.0176 -0.857393 0.514659 -0.00204537 -0.136766 -0.231672 -0.963132 -0.496158 -0.825503 0.269021 
115200 -0.719686 0.803624 -94.045 -0.851737 0.523969 -0.000254017 -0.141804 -0.230976 -0.96257 -0.504416 -0.819821 0.271032 
115600 -0.726527 0.807384 -94.0683 -0.845987 0.533201 0.00157456 -0.146722 -0.229951 -0.962079 -0.512619 -0.814137 0.272767 
116000 -0.734388 0.809628 -94.0845 -0.840149 0.542345 0.00344613 -0.151468 -0.228529 -0.961682 -0.520775 -0.808478 0.274146 
116400 -0.742921 0.810611 -94.0908 -0.834231 0.551389 0.00535313 -0.155903 -0.226541 -0.961443 -0.528917 -0.802901 0.274951 
116800 -0.751682 0.810862 -94.0861 -0.828238 0.560329 0.00728668 -0.159894 -0.223841 -0.961421 -0.53708 -0.79745 0.274986 
117200 -0.760346 0.810924 -94.071 -0.822171 0.569165 0.00923908 -0.163368 -0.220378 -0.961636 -0.545294 -0.792139 0.274172 
117600 -0.768746 0.811295 -94.0484 -0.816026 0.577907 0.011204 -0.166323 -0.216202 -0.962078 -0.553569 -0.786944 0.272545 
118000 -0.776845 0.812419 -94.0222 -0.809796 0.586564 0.0131757 -0.168817 -0.21144 -0.962702 -0.5619 -0.781816 0.270245 
118400 -0.784931 0.814273 -93.9966 -0.803473 0.595148 0.0151539 -0.170986 -0.206307 -0.963432 -0.570258 -0.776683 0.267524 
118800 -0.793446 0.816374 -93.9737 -0.797058 0.603659 0.0171403 -0.172986 -0.20103 -0.96419 -0.578596 -0.771481 0.264657 
119200 -0.802304 0.818441 -93.9551 -0.790551 0.612097 0.0191298 -0.174896 -0.195729 -0.964936 -0.586891 -0.766177 0.261787 
119600 -0.81117 0.820503 -93.9415 -0.783952 0.620463 0.0211182 -0.176707 -0.190401 -0.965672 -0.595142 -0.760772 0.258906 
120000 -0.820037 0.822566 -93.9328 -0.777261 0.628754 0.0231051 -0.17842 -0.185049 -0.966397 -0.60335 -0.755265 0.256014 
120400 -0.828904 0.824628 -93.9292 -0.77048 0.636971 0.0250903 -0.180034 -0.179674 -0.967112 -0.611514 -0.749657 0.253112 
120800 -0.837771 0.826691 -93.9304 -0.763609 0.645111 0.0270737 -0.181548 -0.174278 -0.967816 -0.619631 -0.743948 0.250199 
121200 -0.846638 0.828753 -93.9367 -0.756649 0.653176 0.029055 -0.182961 -0.168863 -0.968509 -0.6277 -0.738137 0.247276 
121600 -0.855504 0.830815 -93.9479 -0.749601 0.661162 0.0310338 -0.184274 -0.163431 -0.969192 -0.635721 -0.732226 0.244343 
122000 -0.864368 0.83288 -93.964 -0.742466 0.66907 0.03301 -0.185485 -0.157982 -0.969864 -0.643692 -0.726214 0.241399 
122400 -0.872766 0.835314 -93.9843 -0.735251 0.676893 0.0349701 -0.186475 -0.15241 -0.970566 -0.651639 -0.72013 0.238283 
122800 -0.879201 0.83928 -94.0057 -0.727975 0.684612 0.0368699 -0.186851 -0.14637 -0.971423 -0.659651 -0.714061 0.234474 
123200 -0.881641 0.846463 -94.024 -0.720673 0.692198 0.0386379 -0.186027 -0.13939 -0.972607 -0.667851 -0.708119 0.229222 
123600 -0.877525 0.858901 -94.0334 -0.713396 0.699609 0.0401671 -0.18326 -0.130933 -0.974306 -0.676374 -0.702427 0.221618 
124000 -0.865383 0.877432 -94.03 -0.706181 0.706821 0.041375 -0.178119 -0.120793 -0.976567 -0.68526 -0.697003 0.2112 
124400 -0.846379 0.900645 -94.0154 -0.69902 0.713852 0.0422817 -0.170896 -0.109347 -0.979203 -0.694382 -0.691708 0.19843 
124800 -0.823903 0.925499 -93.9951 -0.691856 0.720755 0.042991 -0.162471 -0.0973897 -0.981895 -0.703519 -0.686315 0.184482 
125200 -0.800999 0.95007 -93.9759 -0.684635 0.727579 0.0436305 -0.153638 -0.0855379 -0.984418 -0.71251 -0.68067 0.170346 
125600 -0.778173 0.974379 -93.9612 -0.677346 0.734332 0.0442585 -0.144575 -0.0738845 -0.986732 -0.721318 -0.674758 0.156211 
126000 -0.755353 0.998679 -93.9514 -0.669992 0.74101 0.0448856 -0.135263 -0.0624016 -0.988843 -0.729942 -0.668588 0.14204 
126400 -0.732533 1.02298 -93.9466 -0.662573 0.747614 0.0455118 -0.125706 -0.0510942 -0.990751 -0.738373 -0.662166 0.127833 
126800 -0.709713 1.04728 -93.9468 -0.65509 0.754141 0.0461371 -0.11591 -0.0399691 -0.992455 -0.746607 -0.655495 0.113596 
127200 -0.686893 1.07158 -93.9519 -0.647543 0.760593 0.0467613 -0.105879 -0.0290332 -0.993955 -0.754637 -0.64858 0.0993309 
127600 -0.664089 1.09586 -93.9619 -0.639934 0.766968 0.0473837 -0.0956215 -0.0182965 -0.99525 -0.762457 -0.641425 0.0850471 
128000 -0.641585 1.11971 -93.9761 -0.632255 0.773273 0.0479863 -0.085209 -0.00784142 -0.996332 -0.77006 -0.634025 0.0708476 
128400 -0.620009 1.14215 -93.9924 -0.624492 0.779522 0.0485224 -0.0748036 0.00214506 -0.997196 -0.777441 -0.626371 0.0569715 
128800 -0.599985 1.1622 -94.0085 -0.616629 0.785731 0.0489406 -0.0645658 0.0114825 -0.997847 -0.784602 -0.618461 0.043651 
129200 -0.581958 1.17914 -94.0225 -0.608654 0.791909 0.0491937 -0.0546109 0.0200417 -0.998307 -0.791554 -0.61031 0.0310485 
