0 0 0 -1 1 0 0 0 1 0 0 0 1 
400 0 0 -1.00249 1 0 0 0 1 0 0 0 1 
800 0 0 -1.00995 1 0 0 0 1 0 0 0 1 
1200 0 0 -1.02238 1 0 0 0 1 0 0 0 1 
1600 0 0 -1.03977 1 0 0 0 1 0 0 0 1 
2000 0 0 -1.06212 1 0 0 0 1 0 0 0 1 
2400 0 0 -1.08944 1 0 0 0 1 0 0 0 1 
2800 0 0 -1.12173 1 0 0 0 1 0 0 0 1 
3200 0 0 -1.15898 1 0 0 0 1 0 0 0 1 
3600 0 0 -1.20119 1 0 0 0 1 0 0 0 1 
4000 0 0 -1.24837 1 0 0 0 1 0 0 0 1 
4400 0 0 -1.30052 1 0 0 0 1 0 0 0 1 
4800 0 0 -1.35763 1 0 0 0 1 0 0 0 1 
5200 -0.000585152 0.00382411 -1.33528 1 -1.20445e-05 -0.000160899 1.19117e-05 1 -0.000825389 0.000160908 0.000825387 1 
5600 -0.00141727 0.00927611 -1.28629 1 -2.89028e-05 -0.000538479 2.83169e-05 0.999999 -0.00108799 0.00053851 0.00108797 0.999999 
6000 -0.00224939 0.0147281 -1.24226 1 -4.58819e-05 -0.000916055 4.46447e-05 0.999999 -0.00135059 0.000916116 0.00135055 0.999999 
6400 -0.00308151 0.0201801 -1.2032 0.999999 -6.29818e-05 -0.00129363 6.08949e-05 0.999999 -0.0016132 0.00129373 0.00161312 0.999998 
6800 -0.00391363 0.0256321 -1.1691 0.999999 -8.02024e-05 -0.00167119 7.70675e-05 0.999998 -0.00187581 0.00167134 0.00187568 0.999997 
7200 -0.00474575 0.0310841 -1.13997 0.999998 -9.75438e-05 -0.00204875 9.31626e-05 0.999998 -0.00213843 0.00204896 0.00213823 0.999996 
7600 -0.00557787 0.0365361 -1.1158 0.999997 -0.000115006 -0.00242631 0.00010918 0.999997 -0.00240105 0.00242658 0.00240078 0.999994 
8000 -0.00640999 0.0419882 -1.0966 0.999996 -0.000132589 -0.00280386 0.00012512 0.999996 -0.00266368 0.0028042 0.00266332 0.999993 
8400 -0.00724211 0.0474402 -1.08236 0.999995 -0.000150292 -0.0031814 0.000140983 0.999996 -0.00292631 0.00318183 0.00292585 0.999991 
8800 -0.00807424 0.0528922 -1.07309 0.999994 -0.000168117 -0.00355894 0.000156768 0.999995 -0.00318895 0.00355946 0.00318837 0.999989 
9200 -0.00890636 0.0583442 -1.06878 0.999992 -0.000186062 -0.00393648 0.000172475 0.999994 -0.00345159 0.0039371 0.00345089 0.999986 
9600 -0.00973848 0.0637962 -1.06944 0.999991 -0.000204128 -0.00431401 0.000188105 0.999993 -0.00371424 0.00431474 0.00371339 0.999984 
10000 -0.0105706 0.0692482 -1.07506 0.999989 -0.000222314 -0.00469153 0.000203657 0.999992 -0.00397689 0.00469238 0.00397589 0.999981 
10400 -0.0114027 0.0747002 -1.08565 0.999987 -0.000240621 -0.00506905 0.000219132 0.999991 -0.00423955 0.00507002 0.00423838 0.999978 
10800 -0.0122348 0.0801522 -1.1012 0.999985 -0.000259049 -0.00544656 0.000234529 0.99999 -0.00450221 0.00544767 0.00450086 0.999975 
11200 -0.013067 0.0856042 -1.12172 0.999983 -0.000277598 -0.00582406 0.000249848 0.999989 -0.00476487 0.00582532 0.00476334 0.999972 
11600 -0.0138991 0.0910562 -1.1472 0.999981 -0.000296267 -0.00620156 0.00026509 0.999987 -0.00502754 0.00620297 0.0050258 0.999968 
12000 -0.0147312 0.0965082 -1.17765 0.999978 -0.000315057 -0.00657906 0.000280254 0.999986 -0.00529022 0.00658063 0.00528826 0.999964 
12400 -0.0155633 0.10196 -1.21306 0.999976 -0.000333968 -0.00695654 0.000295341 0.999985 -0.0055529 0.00695829 0.00555071 0.99996 
12800 -0.0163954 0.107412 -1.25344 0.999973 -0.000353 -0.00733402 0.00031035 0.999983 -0.00581558 0.00733595 0.00581315 0.999956 
13200 -0.0172276 0.112864 -1.29878 0.99997 -0.000372152 -0.0077115 0.000325282 0.999981 -0.00607827 0.00771362 0.00607558 0.999952 
13600 -0.0180597 0.118316 -1.34909 0.999967 -0.000391424 -0.00808896 0.000340136 0.99998 -0.00634096 0.00809128 0.006338 0.999947 
14000 -0.0186368 0.1247 -1.34777 0.999972 -0.000389449 -0.00744127 0.000287929 0.999907 -0.013639 0.00744589 0.0136365 0.999879 
14400 -0.0190171 0.132108 -1.30361 0.999982 -0.000349452 -0.00603162 0.000193556 0.999666 -0.0258276 0.00603863 0.0258259 0.999648 
14800 -0.0193973 0.139516 -1.26442 0.999989 -0.000288524 -0.00462268 0.000112598 0.999277 -0.0380124 0.00463031 0.0380114 0.999267 
15200 -0.0197776 0.146924 -1.2302 0.999995 -0.000206678 -0.00321476 4.50644e-05 0.99874 -0.0501916 0.00322108 0.0501912 0.998734 
15600 -0.0201578 0.154332 -1.20094 0.999998 -0.000103932 -0.00180815 -9.03348e-06 0.998054 -0.0623634 0.00181112 0.0623634 0.998052 
16000 -0.020538 0.161739 -1.17664 1 1.96952e-05 -0.000403182 -4.9688e-05 0.997219 -0.0745261 0.000400593 0.0745261 0.997219 
16400 -0.0209183 0.169147 -1.15731 0.999999 0.000164176 0.000999857 -7.68932e-05 0.996236 -0.0866777 -0.00101032 0.0866775 0.996236 
16800 -0.0212985 0.176555 -1.14295 0.999997 0.000329482 0.00240066 -9.06452e-05 0.995106 -0.0988164 -0.00242147 0.0988159 0.995103 
17200 -0.0216787 0.183963 -1.13355 0.999993 0.000515578 0.00379892 -9.09422e-05 0.993827 -0.11094 -0.00383266 0.110939 0.99382 
17600 -0.022059 0.191371 -1.12911 0.999986 0.000722425 0.00519433 -7.77844e-05 0.992401 -0.123048 -0.00524375 0.123046 0.992387 
18000 -0.0224392 0.198778 -1.12964 0.999978 0.00094998 0.00658658 -5.11741e-05 0.990827 -0.135137 -0.00665454 0.135134 0.990805 
18400 -0.0228195 0.206186 -1.13514 0.999967 0.0011982 0.00797539 -1.11155e-05 0.989106 -0.147206 -0.00806489 0.147202 0.989074 
18800 -0.0231997 0.213594 -1.1456 0.999955 0.00146702 0.00936044 4.2385e-05 0.987238 -0.159254 -0.00947461 0.159247 0.987193 
19200 -0.0235799 0.221002 -1.16102 0.999941 0.0017564 0.0107414 0.000109319 0.985223 -0.171277 -0.0108835 0.171268 0.985164 
19600 -0.0239602 0.228409 -1.18141 0.999924 0.00206628 0.0121181 0.000189676 0.983062 -0.183275 -0.0122915 0.183263 0.982987 
20000 -0.0243404 0.235817 -1.20677 0.999906 0.00239658 0.01349 0.000283444 0.980754 -0.195246 -0.0136983 0.195231 0.980662 
20400 -0.0247206 0.243225 -1.23709 0.999886 0.00274724 0.0148571 0.000390608 0.978301 -0.207187 -0.0151039 0.207169 0.978189 
20800 -0.0251009 0.250633 -1.27237 0.999864 0.00311819 0.0162188 0.000511152 0.975703 -0.219098 -0.0165079 0.219076 0.975568 
21200 -0.0254811 0.258041 -1.31262 0.999839 0.00350935 0.017575 0.000645058 0.972959 -0.230976 -0.0179104 0.23095 0.972801 
21600 -0.0258614 0.265448 -1.35784 0.999813 0.00392064 0.0189254 0.000792303 0.970071 -0.242819 -0.019311 0.242789 0.969887 
22000 -0.0273263 0.274321 -1.34142 0.999802 0.00429788 0.019447 0.000792912 0.967074 -0.254492 -0.0199005 0.254457 0.966879 
22400 -0.0292659 0.283854 -1.30312 0.999801 0.00464211 0.0194261 0.000687997 0.964034 -0.265777 -0.0199612 0.265738 0.963839 
22800 -0.0312055 0.293388 -1.26978 0.999799 0.00498619 0.0194009 0.00058362 0.960862 -0.277026 -0.0200229 0.276982 0.960667 
23200 -0.0331451 0.302921 -1.24141 0.999798 0.00533005 0.0193713 0.000479793 0.957559 -0.288237 -0.0200855 0.288188 0.957363 
23600 -0.0350848 0.312454 -1.218 0.999797 0.00567364 0.0193375 0.000376528 0.954125 -0.299408 -0.0201492 0.299355 0.953929 
24000 -0.0370244 0.321987 -1.19955 0.999796 0.00601691 0.0192994 0.000273837 0.950561 -0.310539 -0.0202138 0.31048 0.950365 
24400 -0.038964 0.331521 -1.18607 0.999794 0.0063598 0.0192571 0.000171732 0.946867 -0.321627 -0.0202793 0.321564 0.946671 
24800 -0.0409037 0.341054 -1.17756 0.999793 0.00670227 0.0192104 7.02252e-05 0.943043 -0.332671 -0.0203459 0.332603 0.942847 
25200 -0.0428433 0.350587 -1.17401 0.999792 0.00704425 0.0191595 -3.06721e-05 0.939091 -0.343669 -0.0204134 0.343597 0.938895 
25600 -0.0447829 0.360121 -1.17542 0.99979 0.00738569 0.0191043 -0.000130948 0.93501 -0.354621 -0.0204818 0.354544 0.934815 
26000 -0.0467225 0.369654 -1.1818 0.999789 0.00772654 0.0190448 -0.000230592 0.930802 -0.365524 -0.0205512 0.365443 0.930607 
26400 -0.0486622 0.379187 -1.19315 0.999787 0.00806675 0.0189811 -0.000329591 0.926466 -0.376378 -0.0206214 0.376292 0.926272 
26800 -0.0506018 0.388721 -1.20946 0.999786 0.00840626 0.0189131 -0.000427934 0.922004 -0.38718 -0.0206927 0.387089 0.92181 
27200 -0.0525414 0.398254 -1.23073 0.999784 0.00874501 0.0188408 -0.00052561 0.917416 -0.397929 -0.0207648 0.397833 0.917223 
27600 -0.054481 0.407787 -1.25697 0.999783 0.00908296 0.0187644 -0.000622608 0.912703 -0.408624 -0.0208378 0.408523 0.91251 
28000 -0.0564207 0.417321 -1.28818 0.999781 0.00942005 0.0186837 -0.000718917 0.907865 -0.419263 -0.0209117 0.419157 0.907673 
28400 -0.0583603 0.426854 -1.32435 0.999779 0.00975623 0.0185988 -0.000814525 0.902903 -0.429844 -0.0209866 0.429734 0.902711 
28800 -0.0602999 0.436387 -1.36548 0.999778 0.0100914 0.0185097 -0.000909422 0.897817 -0.440367 -0.0210623 0.440253 0.897627 
29200 -0.0625902 0.43928 -1.34745 0.999731 0.0103973 0.0207238 8.56924e-05 0.892153 -0.451734 -0.0231856 0.451614 0.891912 
29600 -0.0650788 0.439626 -1.31211 0.999671 0.0107459 0.0233088 0.00130499 0.885683 -0.464289 -0.0256334 0.464167 0.885377 
30000 -0.0675674 0.439972 -1.28175 0.999603 0.0111381 0.0258855 0.00255117 0.879035 -0.47675 -0.0280644 0.476626 0.878658 
30400 -0.070056 0.440318 -1.25634 0.999528 0.0115736 0.0284532 0.003824 0.872213 -0.489111 -0.0304781 0.488989 0.871757 
30800 -0.0725447 0.440665 -1.23591 0.999446 0.0120522 0.0310112 0.00512321 0.865216 -0.501373 -0.032874 0.501254 0.864675 
31200 -0.0750333 0.441011 -1.22044 0.999358 0.0125739 0.0335586 0.00644854 0.858047 -0.513531 -0.0352519 0.513418 0.857415 
31600 -0.0775219 0.441357 -1.20993 0.999262 0.0131383 0.0360948 0.00779975 0.850706 -0.525584 -0.0376114 0.525477 0.849976 
32000 -0.0800105 0.441703 -1.20439 0.999159 0.0137453 0.0386191 0.00917654 0.843196 -0.537528 -0.0399519 0.537431 0.842361 
32400 -0.0824991 0.442049 -1.20381 0.99905 0.0143947 0.0411306 0.0105787 0.835517 -0.549362 -0.0422733 0.549275 0.834571 
32800 -0.0849877 0.442395 -1.2082 0.998934 0.0150861 0.0436288 0.0120058 0.827672 -0.561083 -0.0445749 0.561009 0.826609 
33200 -0.0874763 0.442741 -1.21755 0.998811 0.0158195 0.0461129 0.0134577 0.819662 -0.572689 -0.0468566 0.572629 0.818475 
33600 -0.0899649 0.443087 -1.23186 0.998681 0.0165944 0.0485822 0.0149341 0.811489 -0.584177 -0.0491179 0.584132 0.810171 
34000 -0.0924535 0.443433 -1.25115 0.998545 0.0174107 0.0510359 0.0164346 0.803154 -0.595545 -0.0513585 0.595517 0.801699 
34400 -0.0949421 0.443779 -1.27539 0.998402 0.018268 0.0534734 0.0179591 0.794659 -0.606791 -0.053578 0.606781 0.793061 
34800 -0.0974307 0.444125 -1.30461 0.998253 0.0191661 0.0558941 0.019507 0.786006 -0.617912 -0.055776 0.617922 0.784258 
35200 -0.0999193 0.444471 -1.33878 0.998097 0.0201046 0.0582971 0.0210783 0.777196 -0.628906 -0.0579521 0.628937 0.775293 
35600 -0.102539 0.445068 -1.3737 0.997885 0.0211434 0.0614636 0.0230334 0.769221 -0.638567 -0.0607806 0.638633 0.767108 
36000 -0.109938 0.447139 -1.33956 0.997632 0.0222919 0.0650593 0.0243528 0.770204 -0.637333 -0.0643163 0.637408 0.767837 
36400 -0.117338 0.449211 -1.31038 0.997365 0.0234334 0.0686538 0.0256665 0.771184 -0.636095 -0.0678506 0.636181 0.76855 
36800 -0.124738 0.451282 -1.28617 0.997084 0.0245684 0.0722497 0.0269757 0.772163 -0.634852 -0.0713858 0.63495 0.769248 
37200 -0.132139 0.453353 -1.26692 0.996788 0.0256966 0.0758468 0.0282805 0.773141 -0.633603 -0.0749218 0.633713 0.769931 
37600 -0.139539 0.455424 -1.25264 0.996478 0.0268182 0.0794451 0.0295807 0.774119 -0.632349 -0.0784585 0.632472 0.770599 
38000 -0.146939 0.457495 -1.24332 0.996154 0.0279331 0.0830447 0.0308765 0.775096 -0.631089 -0.0819958 0.631226 0.771252 
38400 -0.154339 0.459566 -1.23897 0.995816 0.0290413 0.0866453 0.0321677 0.776072 -0.629824 -0.0855338 0.629976 0.77189 
38800 -0.161739 0.461637 -1.23958 0.995463 0.0301427 0.0902469 0.0334544 0.777047 -0.628553 -0.0890723 0.62872 0.772513 
39200 -0.169139 0.463708 -1.24516 0.995096 0.0312373 0.0938495 0.0347365 0.778022 -0.627276 -0.0926114 0.62746 0.773122 
39600 -0.176539 0.465779 -1.2557 0.994715 0.0323252 0.0974529 0.0360141 0.778996 -0.625994 -0.0961508 0.626196 0.773715 
40000 -0.183939 0.467851 -1.27121 0.99432 0.0334063 0.101057 0.037287 0.779969 -0.624707 -0.0996907 0.624926 0.774293 
40400 -0.191339 0.469922 -1.29168 0.99391 0.0344807 0.104662 0.0385554 0.780941 -0.623414 -0.103231 0.623652 0.774855 
40800 -0.198739 0.471993 -1.31712 0.993486 0.0355481 0.108268 0.0398191 0.781912 -0.622115 -0.106771 0.622374 0.775403 
41200 -0.20614 0.474064 -1.34753 0.993048 0.0366088 0.111875 0.0410782 0.782883 -0.620812 -0.110312 0.621091 0.775936 
41600 -0.213922 0.475727 -1.37574 0.99232 0.0377655 0.117793 0.0437357 0.783634 -0.619681 -0.115709 0.620073 0.775964 
42000 -0.227349 0.473617 -1.34789 0.990593 0.0392694 0.131087 0.0512567 0.781726 -0.621513 -0.126881 0.622385 0.772359 
42400 -0.240777 0.471508 -1.32501 0.988685 0.040821 0.144348 0.058797 0.779811 -0.623248 -0.138006 0.624683 0.768587 
42800 -0.254205 0.469398 -1.3071 0.986596 0.0424204 0.157572 0.0663553 0.777891 -0.624886 -0.149082 0.626966 0.764649 
43200 -0.267632 0.467289 -1.29415 0.984327 0.0440673 0.170757 0.0739306 0.775966 -0.626427 -0.160106 0.629233 0.760547 
43600 -0.28106 0.465179 -1.28616 0.981879 0.0457616 0.1839 0.0815216 0.774036 -0.627871 -0.171078 0.631486 0.756279 
44000 -0.294487 0.46307 -1.28314 0.979252 0.0475032 0.196999 0.0891271 0.772102 -0.629218 -0.181993 0.633721 0.751848 
44400 -0.307915 0.46096 -1.28509 0.976447 0.0492919 0.210051 0.096746 0.770163 -0.630467 -0.19285 0.63594 0.747255 
44800 -0.321343 0.458851 -1.292 0.973465 0.0511275 0.223053 0.104377 0.768221 -0.631619 -0.203647 0.63814 0.742499 
45200 -0.33477 0.456741 -1.30387 0.970305 0.0530099 0.236004 0.112019 0.766274 -0.632673 -0.214381 0.640323 0.737582 
45600 -0.348198 0.454632 -1.32071 0.96697 0.0549389 0.248899 0.119671 0.764325 -0.633629 -0.225051 0.642487 0.732505 
46000 -0.361625 0.452522 -1.34252 0.963459 0.0569142 0.261738 0.127332 0.762373 -0.634487 -0.235653 0.644631 0.727268 
46400 -0.375053 0.450413 -1.36929 0.959775 0.0589357 0.274516 0.135 0.760418 -0.635248 -0.246186 0.646754 0.721873 
46800 -0.388539 0.448387 -1.39935 0.955277 0.0611756 0.289315 0.143818 0.758751 -0.635306 -0.258383 0.648502 0.716019 
47200 -0.411186 0.447705 -1.38584 0.942196 0.0653285 0.328631 0.165355 0.762391 -0.625634 -0.291417 0.643811 0.707519 
47600 -0.433865 0.447019 -1.37723 0.927514 0.0692069 0.367326 0.186475 0.766017 -0.615179 -0.323953 0.639084 0.697586 
48000 -0.456545 0.446334 -1.37359 0.911229 0.0728167 0.405412 0.207191 0.769635 -0.603931 -0.355996 0.634318 0.686227 
48400 -0.479224 0.445648 -1.37491 0.89337 0.0761578 0.442821 0.227476 0.77324 -0.591907 -0.387485 0.629523 0.673466 
48800 -0.501904 0.444962 -1.3812 0.873966 0.0792305 0.479485 0.2473 0.776827 -0.579122 -0.418361 0.62471 0.659326 
49200 -0.524584 0.444276 -1.39245 0.85305 0.0820357 0.515341 0.266636 0.78039 -0.565594 -0.448566 0.619889 0.643838 
49600 -0.547263 0.44359 -1.40867 0.830657 0.0845746 0.550323 0.285456 0.783924 -0.551342 -0.478041 0.615069 0.62703 
50000 -0.569943 0.442905 -1.42986 0.806827 0.086849 0.58437 0.303733 0.787424 -0.536385 -0.506732 0.610262 0.608936 
50400 -0.592623 0.442219 -1.45601 0.781598 0.0888611 0.61742 0.321443 0.790886 -0.520744 -0.534583 0.605478 0.589591 
50800 -0.61644 0.441769 -1.46203 0.753689 0.0919788 0.650763 0.339448 0.793394 -0.505274 -0.562786 0.601719 0.56675 
51200 -0.641914 0.441735 -1.44115 0.723244 0.0962794 0.683848 0.35756 0.794965 -0.490083 -0.59082 0.598966 0.540528 
51600 -0.667389 0.441701 -1.42523 0.691327 0.100445 0.715527 0.375046 0.796551 -0.474181 -0.617582 0.596169 0.513006 
52000 -0.692863 0.441666 -1.41428 0.658002 0.104474 0.745734 0.391878 0.798148 -0.457592 -0.643012 0.593333 0.484242 
52400 -0.718338 0.441632 -1.4083 0.623339 0.108366 0.774406 0.408029 0.799755 -0.440346 -0.667054 0.590465 0.454302 
52800 -0.743813 0.441597 -1.40728 0.587409 0.112121 0.801486 0.423473 0.801369 -0.422468 -0.689653 0.587569 0.423251 
53200 -0.769287 0.441563 -1.41122 0.550286 0.11574 0.826915 0.438184 0.802987 -0.403989 -0.71076 0.584651 0.391157 
53600 -0.794762 0.441529 -1.42013 0.512048 0.119222 0.850643 0.452141 0.804606 -0.384938 -0.730325 0.581717 0.358092 
54000 -0.820236 0.441494 -1.43401 0.472773 0.122569 0.872619 0.465321 0.806225 -0.365347 -0.748307 0.578773 0.324127 
54400 -0.845711 0.44146 -1.45285 0.432541 0.12578 0.892798 0.477702 0.80784 -0.345247 -0.764663 0.575825 0.289339 
54800 -0.868325 0.436399 -1.45463 0.396007 0.109983 0.911637 0.489899 0.814396 -0.311059 -0.776645 0.569792 0.268626 
55200 -0.888601 0.427081 -1.44416 0.361775 0.080292 0.928802 0.501299 0.823235 -0.266426 -0.786014 0.561994 0.257575 
55600 -0.908876 0.417763 -1.43867 0.326924 0.0500858 0.943722 0.511124 0.830571 -0.221144 -0.794904 0.554656 0.245933 
56000 -0.929152 0.408445 -1.43814 0.291535 0.0194411 0.956363 0.51935 0.836384 -0.175319 -0.803295 0.547799 0.233738 
56400 -0.949427 0.399127 -1.44257 0.255689 -0.0115637 0.96669 0.525958 0.840661 -0.12906 -0.811166 0.541438 0.22103 
56800 -0.969703 0.389809 -1.45197 0.21947 -0.0428494 0.974678 0.530933 0.843391 -0.0824734 -0.8185 0.535589 0.207849 
57200 -0.989979 0.380491 -1.46633 0.18296 -0.074336 0.980306 0.534264 0.844565 -0.0356699 -0.825281 0.530268 0.194237 
57600 -1.01025 0.371173 -1.48566 0.146245 -0.105943 0.983559 0.535941 0.84418 0.0112409 -0.831492 0.525486 0.180237 
58000 -1.02722 0.363269 -1.47966 0.114023 -0.117855 0.986463 0.53474 0.844114 0.0390391 -0.837288 0.52305 0.15927 
58400 -1.04174 0.356685 -1.4577 0.0842685 -0.117506 0.98949 0.532061 0.844916 0.0550255 -0.842502 0.521832 0.13372 
58800 -1.05625 0.350102 -1.44071 0.0544247 -0.117226 0.991613 0.528953 0.845681 0.070943 -0.846904 0.520655 0.108033 
59200 -1.07077 0.343518 -1.42868 0.0245192 -0.117013 0.992828 0.525418 0.846407 0.08678 -0.850491 0.519522 0.0822338 
59600 -1.08528 0.336935 -1.42162 -0.00542012 -0.116864 0.993133 0.52146 0.847094 0.102525 -0.853259 0.518435 0.0563484 
60000 -1.0998 0.330351 -1.41952 -0.0353652 -0.116777 0.992528 0.517079 0.847741 0.118167 -0.855207 0.517395 0.0304026 
60400 -1.11432 0.323768 -1.42239 -0.0652882 -0.116751 0.991013 0.51228 0.848348 0.133693 -0.856333 0.516405 0.00442222 
60800 -1.12883 0.317185 -1.43022 -0.0951612 -0.116783 0.988588 0.507065 0.848915 0.149094 -0.856638 0.515466 -0.021567 
61200 -1.14335 0.310601 -1.44302 -0.124956 -0.116871 0.985255 0.501438 0.849439 0.164356 -0.856123 0.514581 -0.0475392 
61600 -1.15736 0.305425 -1.45569 -0.152061 -0.116162 0.981521 0.496302 0.849818 0.177464 -0.854729 0.514117 -0.0715733 
62000 -1.16699 0.310385 -1.43965 -0.166463 -0.113009 0.97955 0.495619 0.849215 0.182198 -0.852439 0.515813 -0.0853535 
62400 -1.17662 0.315345 -1.42858 -0.180828 -0.109831 0.977363 0.494876 0.848621 0.186923 -0.84994 0.517475 -0.0991021 
62800 -1.18625 0.320304 -1.42246 -0.195153 -0.106625 0.97496 0.494073 0.848036 0.191641 -0.847235 0.5191 -0.112816 
63200 -1.19589 0.325264 -1.42132 -0.209433 -0.103394 0.972341 0.49321 0.847462 0.196348 -0.844323 0.52069 -0.126491 
63600 -1.20552 0.330223 -1.42514 -0.223667 -0.100138 0.969508 0.492287 0.846897 0.201045 -0.841206 0.522243 -0.140126 
64000 -1.21515 0.335183 -1.43392 -0.23785 -0.0968575 0.96646 0.491304 0.846342 0.205732 -0.837883 0.52376 -0.153716 
64400 -1.2247 0.340129 -1.44695 -0.251571 -0.0925472 0.963404 0.490253 0.846077 0.209295 -0.834484 0.524965 -0.167477 
64800 -1.22942 0.348256 -1.44038 -0.258817 -0.0679265 0.963535 0.488214 0.851529 0.19117 -0.833463 0.519889 -0.187227 
65200 -1.23414 0.356403 -1.43874 -0.266108 -0.0433702 0.962967 0.486258 0.856529 0.17295 -0.83231 0.514274 -0.20684 
65600 -1.23885 0.364551 -1.44206 -0.273431 -0.018866 0.961707 0.484386 0.861084 0.154612 -0.831027 0.508113 -0.226308 
66000 -1.24356 0.372698 -1.45035 -0.280782 0.00556758 0.959755 0.482599 0.865191 0.136168 -0.829614 0.501411 -0.245617 
66400 -1.24828 0.380846 -1.4636 -0.288159 0.029912 0.957115 0.480898 0.86885 0.11763 -0.828071 0.494171 -0.264751 
66800 -1.25157 0.39272 -1.47237 -0.291984 0.0571654 0.954713 0.480428 0.871904 0.0947243 -0.827003 0.486329 -0.282046 
67200 -1.25309 0.409088 -1.47505 -0.292075 0.0873835 0.952395 0.481155 0.874044 0.067363 -0.826548 0.477925 -0.297331 
67600 -1.25462 0.425457 -1.48268 -0.292164 0.117495 0.949123 0.481826 0.875355 0.039955 -0.826126 0.468986 -0.31236 
68000 -1.25614 0.441825 -1.49529 -0.292256 0.147471 0.944902 0.482441 0.875839 0.0125255 -0.825734 0.45952 -0.327115 
68400 -1.25883 0.455212 -1.50053 -0.30027 0.164253 0.939606 0.483337 0.875433 0.00142536 -0.822328 0.454575 -0.342256 
68800 -1.26362 0.463389 -1.49031 -0.320848 0.160361 0.933457 0.484582 0.874593 0.0163119 -0.813779 0.45757 -0.358319 
69200 -1.2684 0.471567 -1.48506 -0.341282 0.156558 0.926831 0.485533 0.873661 0.0312088 -0.804851 0.460658 -0.374179 
69600 -1.27318 0.479744 -1.48477 -0.361562 0.152845 0.919734 0.486189 0.872637 0.0461096 -0.795546 0.463836 -0.389824 
70000 -1.27798 0.487887 -1.48937 -0.381503 0.149485 0.9122 0.486555 0.871541 0.0606663 -0.785951 0.46698 -0.405228 
70400 -1.28466 0.491975 -1.48928 -0.381859 0.176954 0.907122 0.486807 0.872821 0.0346618 -0.785622 0.45483 -0.419438 
70800 -1.29134 0.496042 -1.49409 -0.382143 0.204408 0.901212 0.487001 0.873361 0.00841372 -0.785364 0.442107 -0.433296 
71200 -1.29772 0.500644 -1.50008 -0.388134 0.222267 0.894399 0.486981 0.873394 -0.00571633 -0.782433 0.433336 -0.447234 
71600 -1.30312 0.506941 -1.49774 -0.413569 0.207828 0.886436 0.485941 0.873718 0.0218706 -0.769949 0.4398 -0.462335 
72000 -1.31029 0.510457 -1.49486 -0.426273 0.2135 0.879039 0.485456 0.873955 0.0231476 -0.763298 0.436602 -0.476188 
72400 -1.31826 0.512706 -1.49446 -0.433221 0.228172 0.871927 0.485485 0.874156 0.0124603 -0.759357 0.428705 -0.489477 
72800 -1.32623 0.514956 -1.49901 -0.440119 0.24271 0.864515 0.485574 0.874194 0.00177541 -0.755323 0.420568 -0.502603 
73200 -1.33408 0.517492 -1.50534 -0.451945 0.250362 0.856192 0.485414 0.874284 0.000575973 -0.748411 0.415868 -0.516657 
73600 -1.34336 0.518761 -1.50354 -0.466069 0.256331 0.846803 0.486247 0.873816 0.00311613 -0.739151 0.413208 -0.531898 
74000 -1.35363 0.518926 -1.50409 -0.473957 0.271422 0.837672 0.4883 0.872652 -0.006475 -0.732753 0.405966 -0.546135 
74400 -1.36293 0.520826 -1.50606 -0.488237 0.274674 0.828359 0.490166 0.871629 -0.000116029 -0.722054 0.405977 -0.560198 
74800 -1.37182 0.522853 -1.50602 -0.502979 0.280474 0.817524 0.491587 0.87082 0.00368844 -0.710882 0.40374 -0.575882 
75200 -1.38106 0.523713 -1.50717 -0.513289 0.2971 0.80515 0.493043 0.869979 -0.00670356 -0.702455 0.393533 -0.593034 
75600 -1.38979 0.527327 -1.50787 -0.530077 0.29645 0.79444 0.491815 0.870693 0.00325064 -0.690751 0.392441 -0.607333 
76000 -1.39901 0.529849 -1.50732 -0.539275 0.308559 0.783565 0.490254 0.87156 -0.00580119 -0.684714 0.381018 -0.621283 
76400 -1.40707 0.533757 -1.50865 -0.555243 0.311954 0.770967 0.488811 0.872389 -0.000954522 -0.672881 0.376328 -0.636874 
76800 -1.416 0.537517 -1.50915 -0.564304 0.323358 0.759606 0.489584 0.871924 -0.00746331 -0.664732 0.367679 -0.650341 
77200 -1.42386 0.54277 -1.51024 -0.578748 0.327915 0.746674 0.490747 0.871299 -0.00226751 -0.65132 0.365116 -0.665186 
77600 -1.43187 0.548221 -1.51024 -0.590132 0.337446 0.733399 0.491908 0.870634 -0.00477522 -0.640134 0.357947 -0.679781 
78000 -1.44028 0.553251 -1.51063 -0.602431 0.344021 0.720227 0.492785 0.870145 -0.00344231 -0.627886 0.352843 -0.69373 
78400 -1.44927 0.557016 -1.51142 -0.614949 0.350046 0.706615 0.493415 0.869793 -0.00147469 -0.615125 0.347748 -0.707597 
78800 -1.45763 0.56143 -1.51141 -0.627056 0.356831 0.692439 0.493072 0.869986 -0.00181091 -0.603059 0.340287 -0.721474 
79200 -1.46614 0.565787 -1.51158 -0.638664 0.363339 0.678301 0.49309 0.869977 -0.00173717 -0.590738 0.333354 -0.734782 
79600 -1.47442 0.570572 -1.51185 -0.65003 0.36997 0.663764 0.493094 0.869974 -0.00201572 -0.578203 0.325988 -0.747939 
80000 -1.48277 0.575467 -1.51226 -0.66126 0.376553 0.6488 0.493131 0.869952 -0.00230468 -0.565293 0.31842 -0.760955 
80400 -1.49128 0.580405 -1.51275 -0.672491 0.382969 0.633317 0.493173 0.869928 -0.00237097 -0.551848 0.31074 -0.773889 
80800 -1.50014 0.584867 -1.51299 -0.68395 0.388532 0.617459 0.493208 0.869911 -0.00106621 -0.537549 0.303807 -0.786602 
81200 -1.50917 0.589228 -1.51338 -0.695238 0.39398 0.601186 0.493215 0.869907 0.000293098 -0.52286 0.296718 -0.799109 
81600 -1.51833 0.593628 -1.51395 -0.706414 0.399343 0.584383 0.493196 0.869916 0.0017207 -0.507677 0.289431 -0.811476 
82000 -1.52742 0.598419 -1.51414 -0.716928 0.405383 0.567167 0.493183 0.869924 0.00162999 -0.492732 0.280886 -0.823601 
82400 -1.5361 0.60382 -1.51418 -0.726778 0.411803 0.549738 0.49317 0.869933 0.000333594 -0.478098 0.271357 -0.835337 
82800 -1.54475 0.60936 -1.5144 -0.736401 0.417973 0.531988 0.493174 0.869931 -0.000815043 -0.463134 0.261762 -0.846751 
83200 -1.55349 0.614885 -1.51459 -0.74589 0.423792 0.513857 0.493195 0.869917 -0.00154732 -0.447669 0.252277 -0.857875 
83600 -1.56255 0.619806 -1.51453 -0.75541 0.428691 0.495559 0.493213 0.869908 -0.000694031 -0.431389 0.243892 -0.868574 
84000 -1.57167 0.624574 -1.51456 -0.764554 0.433455 0.477048 0.493219 0.869905 5.91896e-05 -0.414961 0.235334 -0.878877 
84400 -1.58065 0.629582 -1.51459 -0.773214 0.438284 0.45831 0.493218 0.869906 0.000210528 -0.398594 0.226209 -0.888793 
84800 -1.58965 0.634641 -1.51475 -0.78153 0.442963 0.439312 0.493212 0.869909 0.000278797 -0.382038 0.216892 -0.898335 
85200 -1.59868 0.639783 -1.51508 -0.789531 0.447517 0.419964 0.493208 0.869912 0.000244489 -0.365222 0.207323 -0.907541 
85600 -1.60778 0.645049 -1.51554 -0.797232 0.451972 0.400177 0.493204 0.869914 5.38989e-05 -0.348095 0.197412 -0.916438 
86000 -1.61699 0.650431 -1.51591 -0.804686 0.456228 0.379917 0.493205 0.869913 -8.27742e-06 -0.330499 0.187371 -0.92502 
86400 -1.62622 0.655691 -1.51573 -0.811753 0.460217 0.359525 0.49319 0.869922 -1.35792e-05 -0.312765 0.177303 -0.933136 
86800 -1.63539 0.660934 -1.51561 -0.818376 0.463988 0.339081 0.493188 0.869923 -6.03038e-05 -0.295002 0.167181 -0.940757 
87200 -1.64456 0.66616 -1.51562 -0.824595 0.467538 0.318514 0.49319 0.869921 -0.000120918 -0.277139 0.156988 -0.947918 
87600 -1.65374 0.671405 -1.51577 -0.830436 0.470875 0.297747 0.493195 0.869919 -0.000188283 -0.259104 0.146691 -0.954645 
88000 -1.66299 0.67666 -1.51605 -0.835924 0.473992 0.276698 0.493197 0.869918 -0.000213228 -0.240806 0.136289 -0.960957 
88400 -1.67233 0.681972 -1.51649 -0.841061 0.476913 0.255286 0.493201 0.869915 -0.000238786 -0.222191 0.125707 -0.966865 
88800 -1.68157 0.687597 -1.5165 -0.845734 0.479757 0.233596 0.493192 0.86992 -0.00103088 -0.203704 0.114336 -0.972333 
89200 -1.69069 0.693359 -1.51643 -0.849955 0.482384 0.211853 0.493193 0.869917 -0.002085 -0.1853 0.102712 -0.977299 
89600 -1.69977 0.699166 -1.5164 -0.853747 0.484765 0.190052 0.493212 0.869903 -0.00326405 -0.166909 0.0909492 -0.981769 
90000 -1.70886 0.704906 -1.51623 -0.857163 0.486798 0.168226 0.493249 0.869879 -0.00392936 -0.148249 0.0796091 -0.985741 
90400 -1.71853 0.709375 -1.5162 -0.860309 0.488244 0.146584 0.493283 0.869866 -0.00225765 -0.128611 0.0703651 -0.989196 
90800 -1.72792 0.714052 -1.5159 -0.862848 0.48972 0.125172 0.493362 0.869821 -0.00217404 -0.109942 0.0598793 -0.992133 
91200 -1.73706 0.719051 -1.51584 -0.865009 0.490901 0.103802 0.49339 0.869806 -0.00194638 -0.0912429 0.0495311 -0.994596 
91600 -1.74618 0.724063 -1.51589 -0.866762 0.491866 0.0824116 0.493425 0.869787 -0.00165502 -0.0724946 0.0392294 -0.996597 
92000 -1.75535 0.729057 -1.51612 -0.86812 0.492606 0.0608874 0.493453 0.869771 -0.00127472 -0.0535861 0.0289385 -0.998144 
92400 -1.76463 0.734058 -1.51654 -0.86908 0.493122 0.039121 0.493473 0.869761 -0.000796437 -0.0344187 0.018613 -0.999234 
92800 -1.77399 0.739204 -1.51691 -0.869623 0.493423 0.01703 0.493486 0.869753 -0.000514131 -0.0150656 0.00795696 -0.999855 
93200 -1.78304 0.745036 -1.51723 -0.869731 0.493498 -0.00522772 0.493511 0.869738 -0.00166451 0.00372531 -0.00402761 -0.999985 
93600 -1.79252 0.749833 -1.5167 -0.869408 0.493347 -0.0271749 0.493538 0.869724 -0.000394276 0.0234401 -0.0137546 -0.999631 
94000 -1.80208 0.754197 -1.51643 -0.868734 0.492869 -0.0488031 0.493428 0.869787 0.000680361 0.0427836 -0.0234898 -0.998808 
94400 -1.81129 0.759033 -1.51627 -0.86758 0.492308 -0.0702603 0.493435 0.869781 0.00150821 0.0618536 -0.0333604 -0.997528 
94800 -1.82047 0.763859 -1.51625 -0.866045 0.4915 -0.0916225 0.493398 0.869801 0.00219889 0.0807741 -0.0433021 -0.995791 
95200 -1.82965 0.768738 -1.51641 -0.864103 0.490467 -0.112993 0.493351 0.869826 0.00278896 0.0996518 -0.053335 -0.993592 
95600 -1.83887 0.773695 -1.51673 -0.861743 0.489199 -0.134474 0.493294 0.869856 0.00327651 0.118576 -0.0635117 -0.990912 
96000 -1.84798 0.778965 -1.51675 -0.859083 0.487515 -0.155905 0.493219 0.869902 0.00240073 0.136792 -0.0748327 -0.987769 
96400 -1.85653 0.784918 -1.5166 -0.856123 0.485489 -0.177071 0.493214 0.869908 0.000444566 0.154251 -0.0869532 -0.984198 
96800 -1.86529 0.79035 -1.51616 -0.852722 0.483397 -0.197972 0.493214 0.869908 -0.000321826 0.172062 -0.0979172 -0.980208 
97200 -1.87405 0.795483 -1.51576 -0.848957 0.481181 -0.21849 0.493217 0.869906 -0.000631486 0.189762 -0.108299 -0.975839 
97600 -1.88273 0.800554 -1.51554 -0.844858 0.478787 -0.2387 0.493231 0.869898 -0.000898388 0.207215 -0.118493 -0.971093 
98000 -1.89139 0.805591 -1.51551 -0.840413 0.4762 -0.258725 0.493249 0.869887 -0.00113051 0.224524 -0.128566 -0.96595 
98400 -1.90007 0.810625 -1.51566 -0.835599 0.473409 -0.278673 0.493271 0.869875 -0.00132885 0.241782 -0.138572 -0.960385 
98800 -1.90894 0.815418 -1.51577 -0.830306 0.470567 -0.298594 0.493303 0.869857 -0.000890604 0.259315 -0.148037 -0.95438 
99200 -1.91795 0.820001 -1.5159 -0.824563 0.467648 -0.318434 0.493317 0.86985 4.00813e-05 0.277009 -0.157056 -0.947945 
99600 -1.92697 0.824596 -1.51577 -0.818516 0.464433 -0.338132 0.493291 0.869864 0.000673001 0.294441 -0.166246 -0.941099 
100000 -1.93537 0.82999 -1.51546 -0.81254 0.460468 -0.357417 0.493236 0.869895 -0.000601029 0.310639 -0.176779 -0.933945 
100400 -1.94361 0.835448 -1.51523 -0.806323 0.45628 -0.376367 0.493199 0.869914 -0.00200093 0.326494 -0.187237 -0.926468 
100800 -1.95176 0.840944 -1.51512 -0.79987 0.451848 -0.39502 0.493179 0.869921 -0.0035617 0.342027 -0.197665 -0.918665 
101200 -1.96008 0.845978 -1.51476 -0.792904 0.447717 -0.413343 0.493184 0.869917 -0.00380215 0.357871 -0.206869 -0.910568 
101600 -1.96904 0.849609 -1.51506 -0.785101 0.444574 -0.431243 0.493226 0.869901 -0.00115281 0.374626 -0.213605 -0.902235 
102000 -1.97801 0.85302 -1.51469 -0.777119 0.441205 -0.448802 0.493225 0.869901 0.00113784 0.390915 -0.220476 -0.893631 
102400 -1.98627 0.857667 -1.51475 -0.769404 0.436713 -0.466154 0.493175 0.869929 0.000983472 0.405951 -0.229139 -0.884703 
102800 -1.99423 0.86279 -1.51468 -0.761588 0.431763 -0.483285 0.493139 0.869951 9.06396e-05 0.420474 -0.238258 -0.875463 
103200 -2.00224 0.867649 -1.51446 -0.753475 0.426846 -0.500078 0.493116 0.869963 -0.000420439 0.43487 -0.246913 -0.865981 
103600 -2.01039 0.872013 -1.51414 -0.744859 0.422497 -0.516413 0.493144 0.869948 0.000439764 0.449438 -0.254338 -0.85634 
104000 -2.01859 0.876 -1.51386 -0.735999 0.41821 -0.532358 0.493144 0.869946 0.0016289 0.463804 -0.26133 -0.846518 
104400 -2.02652 0.880202 -1.51342 -0.727259 0.413433 -0.547875 0.493106 0.869967 0.00192942 0.477431 -0.268757 -0.836558 
104800 -2.03418 0.88454 -1.51302 -0.718521 0.408483 -0.562912 0.493075 0.869985 0.00193502 0.490515 -0.276167 -0.826515 
105200 -2.04172 0.888832 -1.51277 -0.709685 0.403457 -0.577554 0.493045 0.870002 0.00190846 0.503243 -0.283406 -0.81635 
105600 -2.04921 0.893103 -1.51266 -0.700706 0.398334 -0.591896 0.493015 0.870019 0.00185644 0.5157 -0.290513 -0.806012 
106000 -2.05667 0.897373 -1.51268 -0.691534 0.393085 -0.606024 0.492987 0.870035 0.00178177 0.527962 -0.29753 -0.795445 
106400 -2.06416 0.901671 -1.51284 -0.682114 0.387677 -0.620022 0.492961 0.87005 0.00168247 0.540102 -0.304499 -0.784583 
106800 -2.07171 0.906022 -1.51314 -0.672387 0.382074 -0.633967 0.492935 0.870065 0.00155506 0.552187 -0.311459 -0.773358 
107200 -2.07913 0.910686 -1.51305 -0.662743 0.3758 -0.647724 0.492921 0.870074 0.000453169 0.563738 -0.318976 -0.761875 
107600 -2.08647 0.91518 -1.51267 -0.652753 0.36999 -0.661076 0.492931 0.870068 0.000232359 0.575267 -0.325713 -0.750319 
108000 -2.09378 0.919456 -1.51238 -0.642742 0.364126 -0.674014 0.492929 0.870069 -1.63141e-05 0.586433 -0.332252 -0.738719 
108400 -2.101 0.923712 -1.51221 -0.63267 0.35819 -0.686607 0.492933 0.870067 -0.000312474 0.597282 -0.338649 -0.727029 
108800 -2.10817 0.927968 -1.51216 -0.622487 0.352148 -0.698929 0.492942 0.870062 -0.000657583 0.60788 -0.344941 -0.715191 
109200 -2.11533 0.932243 -1.51222 -0.612142 0.34597 -0.711047 0.492954 0.870054 -0.00104854 0.618287 -0.351156 -0.703144 
109600 -2.12262 0.936123 -1.51194 -0.60126 0.340611 -0.722821 0.492986 0.870037 -9.4946e-05 0.628849 -0.356398 -0.691035 
110000 -2.12996 0.939691 -1.51174 -0.590316 0.335281 -0.734244 0.492978 0.870041 0.000946793 0.63914 -0.361407 -0.678885 
110400 -2.13723 0.943249 -1.51164 -0.579297 0.329894 -0.745375 0.492957 0.870051 0.00195369 0.649159 -0.366306 -0.666642 
110800 -2.1441 0.947264 -1.51123 -0.568775 0.323686 -0.756123 0.4929 0.870085 0.00170033 0.658442 -0.371726 -0.654427 
111200 -2.1508 0.951257 -1.51088 -0.558344 0.317468 -0.766463 0.492867 0.870103 0.00135808 0.667333 -0.377006 -0.642287 
111600 -2.15735 0.955235 -1.5106 -0.548005 0.311208 -0.776428 0.492857 0.87011 0.000897792 0.675857 -0.382176 -0.630206 
112000 -2.16378 0.959209 -1.51038 -0.537756 0.304867 -0.78605 0.492848 0.870116 0.000302675 0.684047 -0.38724 -0.618163 
112400 -2.1701 0.963175 -1.51021 -0.527547 0.298461 -0.795371 0.492848 0.870115 -0.000383354 0.69195 -0.3922 -0.606122 
112800 -2.17634 0.967153 -1.51009 -0.51736 0.291962 -0.804423 0.492858 0.870109 -0.00117612 0.699592 -0.397075 -0.594055 
113200 -2.18273 0.97063 -1.50978 -0.506772 0.286299 -0.813151 0.492883 0.870095 -0.00082618 0.707282 -0.401207 -0.582052 
113600 -2.189 0.974093 -1.50955 -0.496324 0.280549 -0.821556 0.492903 0.870084 -0.000655535 0.714639 -0.405273 -0.570127 
114000 -2.19515 0.97752 -1.50935 -0.485948 0.274799 -0.829663 0.492914 0.870078 -0.000523448 0.721727 -0.409206 -0.558265 
114400 -2.20124 0.980888 -1.50917 -0.475599 0.269088 -0.837495 0.49292 0.870075 -0.000364261 0.728585 -0.412991 -0.546445 
114800 -2.20731 0.984109 -1.509 -0.465207 0.263552 -0.845058 0.492922 0.870073 -1.77019e-06 0.735262 -0.416549 -0.534675 
115200 -2.21329 0.987333 -1.50885 -0.454875 0.257982 -0.85237 0.492919 0.870075 0.00029032 0.741701 -0.420017 -0.522939 
115600 -2.21922 0.990513 -1.50873 -0.444549 0.252442 -0.859447 0.492913 0.870078 0.000606015 0.747939 -0.423363 -0.511224 
116000 -2.2251 0.993654 -1.50863 -0.434214 0.246923 -0.866306 0.492904 0.870083 0.000944034 0.753992 -0.426596 -0.499512 
116400 -2.23094 0.996799 -1.50856 -0.423886 0.24136 -0.872964 0.492891 0.87009 0.00123171 0.759855 -0.429754 -0.487783 
116800 -2.23675 0.999917 -1.50849 -0.413553 0.235756 -0.879428 0.492873 0.8701 0.00148124 0.765539 -0.432834 -0.47603 
117200 -2.24215 1.00351 -1.50827 -0.403861 0.2293 -0.885617 0.492866 0.870105 0.000526431 0.770701 -0.436278 -0.464416 
117600 -2.24749 1.00698 -1.50807 -0.394214 0.222987 -0.891556 0.492837 0.870121 -0.000288503 0.775698 -0.439506 -0.45291 
118000 -2.25283 1.01024 -1.50777 -0.384461 0.217195 -0.897227 0.492844 0.870118 -0.000550334 0.780573 -0.442404 -0.44157 
118400 -2.25811 1.01316 -1.50741 -0.374805 0.211858 -0.902572 0.49285 0.870114 -0.00042299 0.785252 -0.444991 -0.430538 
118800 -2.26323 1.01599 -1.50713 -0.365394 0.206646 -0.907626 0.492854 0.870112 -0.000309289 0.789672 -0.44744 -0.41978 
119200 -2.26823 1.01876 -1.50691 -0.356172 0.201529 -0.912429 0.492856 0.870111 -0.000207003 0.793873 -0.44977 -0.409234 
119600 -2.27313 1.02149 -1.50675 -0.347088 0.196482 -0.917019 0.492857 0.87011 -0.00011348 0.797886 -0.451999 -0.398842 
120000 -2.27796 1.02417 -1.50666 -0.338087 0.191476 -0.921431 0.492858 0.87011 -2.59892e-05 0.801741 -0.454143 -0.388543 
120400 -2.28275 1.02684 -1.50662 -0.329116 0.18648 -0.925693 0.492857 0.87011 5.46737e-05 0.805465 -0.456217 -0.378275 
120800 -2.28759 1.02929 -1.50644 -0.319998 0.181956 -0.929781 0.492855 0.870111 0.000654679 0.809132 -0.458038 -0.368112 
121200 -2.29236 1.03158 -1.50628 -0.310987 0.177616 -0.93367 0.492846 0.870116 0.0013686 0.812644 -0.45973 -0.358132 
121600 -2.29706 1.03385 -1.50617 -0.302091 0.173326 -0.93739 0.49283 0.870123 0.00206452 0.816002 -0.46135 -0.348277 
122000 -2.3017 1.03609 -1.50611 -0.293259 0.16906 -0.940966 0.492807 0.870134 0.00274686 0.819231 -0.462909 -0.338489 
122400 -2.30611 1.03851 -1.50582 -0.284956 0.164258 -0.944362 0.492773 0.870154 0.00265836 0.822177 -0.464599 -0.328897 
122800 -2.31022 1.04101 -1.50552 -0.2771 0.159483 -0.947513 0.492751 0.870167 0.00235896 0.824871 -0.466234 -0.319709 
123200 -2.3142 1.04321 -1.50513 -0.269449 0.1553 -0.95041 0.49273 0.870179 0.00249715 0.827414 -0.467623 -0.310989 
123600 -2.31795 1.0452 -1.50477 -0.262238 0.151469 -0.953042 0.492712 0.870188 0.00272674 0.829738 -0.46886 -0.302827 
124000 -2.32145 1.04707 -1.50446 -0.255489 0.147876 -0.955436 0.492693 0.870198 0.0029344 0.831853 -0.469987 -0.295183 
124400 -2.32473 1.04882 -1.50419 -0.24916 0.1445 -0.957622 0.492671 0.87021 0.00312383 0.833783 -0.471014 -0.288012 
124800 -2.3278 1.05046 -1.50396 -0.24322 0.141327 -0.95962 0.49265 0.870221 0.00329684 0.835548 -0.471955 -0.28128 
125200 -2.33069 1.052 -1.50377 -0.237632 0.138339 -0.961454 0.492632 0.870231 0.00345417 0.837164 -0.472823 -0.274945 
125600 -2.33341 1.05346 -1.5036 -0.232368 0.135519 -0.963141 0.492615 0.87024 0.00359893 0.838651 -0.473621 -0.268974 
126000 -2.33597 1.05483 -1.50346 -0.227396 0.132852 -0.964697 0.492594 0.870251 0.00373241 0.840025 -0.474355 -0.263334 
126400 -2.33839 1.05613 -1.50334 -0.222689 0.130323 -0.966139 0.492574 0.870262 0.00385531 0.841297 -0.475036 -0.257992 
126800 -2.34066 1.05739 -1.50322 -0.218262 0.127882 -0.967475 0.49256 0.87027 0.00391188 0.842465 -0.475685 -0.252936 
127200 -2.34278 1.05858 -1.5031 -0.214135 0.125559 -0.968701 0.49254 0.870281 0.0039242 0.843535 -0.476283 -0.2482 
127600 -2.34476 1.0597 -1.503 -0.210271 0.123384 -0.969826 0.492527 0.870288 0.00393426 0.844514 -0.476838 -0.243766 
128000 -2.34662 1.06074 -1.50291 -0.20665 0.12134 -0.970862 0.492511 0.870297 0.0039392 0.845416 -0.477346 -0.239608 
128400 -2.34836 1.06172 -1.50284 -0.20325 0.11942 -0.971817 0.492496 0.870306 0.00394371 0.846249 -0.477814 -0.235704 
128800 -2.34999 1.06265 -1.50278 -0.200054 0.117613 -0.9727 0.492486 0.870311 0.00394364 0.847016 -0.478252 -0.232032 
129200 -2.35153 1.06352 -1.50272 -0.197042 0.115908 -0.973519 0.492471 0.87032 0.00394398 0.84773 -0.478653 -0.22857 
129600 -2.35298 1.06434 -1.50268 -0.194198 0.114295 -0.974281 0.49246 0.870326 0.00394078 0.848393 -0.479029 -0.225302 
130000 -2.35436 1.06512 -1.50264 -0.191505 0.112769 -0.974992 0.492451 0.870331 0.00393791 0.84901 -0.479382 -0.222206 
130400 -2.35566 1.06586 -1.5026 -0.18895 0.111316 -0.975657 0.492438 0.870339 0.00393264 0.84959 -0.479707 -0.219267 
130800 -2.3569 1.06657 -1.50257 -0.186516 0.109934 -0.976282 0.492431 0.870343 0.00392752 0.850132 -0.480018 -0.216467 
131200 -2.35808 1.06724 -1.50255 -0.18419 0.108611 -0.976871 0.492421 0.870349 0.00392063 0.850644 -0.480309 -0.213792 
131600 -2.35922 1.06789 -1.50253 -0.181959 0.10734 -0.97743 0.49241 0.870355 0.00391393 0.851131 -0.480584 -0.211224 
132000 -2.36031 1.06851 -1.50251 -0.17981 0.106116 -0.977961 0.492404 0.870358 0.0039058 0.85159 -0.48085 -0.208751 
132400 -2.36137 1.06911 -1.5025 -0.177731 0.10493 -0.978469 0.492393 0.870364 0.00389776 0.852033 -0.481099 -0.206357 
132800 -2.3624 1.0697 -1.50249 -0.17571 0.103777 -0.978957 0.492386 0.870368 0.00388865 0.852457 -0.481341 -0.20403 
133200 -2.3634 1.07027 -1.50248 -0.173735 0.102649 -0.979428 0.49238 0.870372 0.00387937 0.852865 -0.481577 -0.201756 
133600 -2.36439 1.07084 -1.50248 -0.171795 0.10154 -0.979886 0.492369 0.870378 0.00386926 0.853264 -0.481801 -0.199521 
134000 -2.36536 1.07139 -1.50247 -0.169879 0.100445 -0.980333 0.492364 0.870381 0.0038588 0.85365 -0.482025 -0.197314 
134400 -2.36633 1.07195 -1.50247 -0.167975 0.0993551 -0.980772 0.492356 0.870385 0.00384755 0.854031 -0.482243 -0.195121 
